ids,upload_date,sentiment,view_count,uploader,duration,comment_count,f_id,name,party,constituency,tdp,ycp,ysrcp,schemes,cm jagan,chandrababu,pawan kalyan,nara lokesh,raghurama ,AP ,yuvagalam,amaravati,ambati rambabu,Kuppam,janasena party,tdp pattabhi,ap employees,Sajjala ,ap assembly session today,YSRCP Plenary,alliance,Peddireddy ,polavaram,visakha
SbrzAUlc-NE,2019-06-29,0.9973986148834229,5841.0,Sakshi,132.0,0.0,parchur.png,Yeluri Sambasiva Rao,TDP,parchoor,0,1,1,1,1,0,0,0,0,1,0,1,0,0,0,0,0,0,0,0,0,0,0,0
_fzfWMeq3L8,2019-06-30,0.9906209707260132,2611.0,Sakshi,350.0,0.0,parchur.png,Yeluri Sambasiva Rao,TDP,parchoor,0,0,1,0,0,0,0,0,0,0,0,0,0,0,0,0,0,0,0,0,0,0,0,0
uovRzdhaQvo,2019-12-20,-0.9925580024719238,977.0,Sakshi,222.0,0.0,parchur.png,Yeluri Sambasiva Rao,TDP,parchoor,1,0,1,1,1,0,0,0,0,0,0,0,0,0,0,0,0,0,1,0,0,0,0,0
B-1vjoXI3p8,2019-12-20,0.9936107993125916,332.0,Sakshi,534.0,2.0,parchur.png,Yeluri Sambasiva Rao,TDP,parchoor,0,0,0,0,0,0,0,0,0,0,0,0,0,0,0,0,0,0,0,0,0,0,0,0
idpEQR4gBH4,2019-12-20,-0.9902076125144958,1088.0,Sakshi,295.0,4.0,parchur.png,Yeluri Sambasiva Rao,TDP,parchoor,0,1,1,0,0,1,0,0,0,0,0,0,0,0,0,0,0,0,0,0,0,0,0,0
_xATIArs4L4,2019-12-21,0.9930614829063416,3065.0,Sakshi,379.0,5.0,parchur.png,Yeluri Sambasiva Rao,TDP,parchoor,0,0,0,0,0,0,0,0,0,0,0,0,0,0,0,0,0,0,0,0,0,0,0,0
mnIuh7Kz8bo,2019-12-24,0.9976801872253418,3327.0,Sakshi,227.0,17.0,parchur.png,Yeluri Sambasiva Rao,TDP,parchoor,0,1,1,0,1,0,0,0,0,1,0,0,0,0,0,0,0,0,0,0,0,0,0,1
UyWk446zSNc,2019-12-26,0.9969898462295532,4041.0,Sakshi,178.0,1.0,parchur.png,Yeluri Sambasiva Rao,TDP,parchoor,0,1,1,0,1,0,0,0,0,1,0,0,0,0,0,0,0,0,0,0,1,0,0,0
AQH5zowUAvw,2020-03-08,-0.9973401427268982,2432.0,Sakshi,100.0,4.0,parchur.png,Yeluri Sambasiva Rao,TDP,parchoor,1,0,0,0,0,1,0,0,0,1,0,0,0,0,0,0,0,1,0,0,0,0,0,0
ORonIeNNLT0,2020-03-09,0.9942318797111512,5628.0,Sakshi,215.0,2.0,parchur.png,Yeluri Sambasiva Rao,TDP,parchoor,0,0,1,0,0,0,0,0,0,0,1,0,0,0,0,0,0,0,0,0,0,0,0,1
_VDubhdhsRo,2020-03-09,-0.9866898059844972,1279.0,Sakshi,184.0,1.0,parchur.png,Yeluri Sambasiva Rao,TDP,parchoor,1,1,1,0,1,1,0,0,0,1,0,0,0,0,0,0,0,0,0,0,0,0,0,0
NqefjAIoHac,2020-03-10,0.9944695234298706,7309.0,Sakshi,271.0,13.0,parchur.png,Yeluri Sambasiva Rao,TDP,parchoor,0,1,1,0,0,0,0,0,0,0,0,0,0,0,0,0,0,0,0,0,0,0,0,0
rvC2HAm-lBQ,2020-03-10,0.9947039484977722,17279.0,Sakshi,253.0,16.0,parchur.png,Yeluri Sambasiva Rao,TDP,parchoor,0,1,1,1,1,1,0,0,0,0,1,0,0,0,0,0,0,0,0,1,1,1,1,0
8t3DfT6N04I,2020-03-11,0.9981396198272704,250.0,Sakshi,168.0,0.0,parchur.png,Yeluri Sambasiva Rao,TDP,parchoor,0,0,1,0,0,0,0,0,0,0,0,0,0,0,0,0,0,0,0,0,0,0,0,0
B7ASMpQyHqs,2020-03-11,0.9986003041267396,1665.0,Sakshi,266.0,5.0,parchur.png,Yeluri Sambasiva Rao,TDP,parchoor,1,1,1,0,1,0,0,0,0,0,0,0,0,0,1,0,0,0,1,0,1,0,0,1
mqL3kwnArKA,2020-03-13,0.9958361387252808,20488.0,Sakshi,141.0,29.0,parchur.png,Yeluri Sambasiva Rao,TDP,parchoor,1,1,1,0,0,0,0,0,0,0,0,1,0,0,0,0,1,0,0,0,0,0,0,1
eb5z-NkmKhU,2020-03-15,0.9972051978111268,1425.0,Sakshi,66.0,2.0,parchur.png,Yeluri Sambasiva Rao,TDP,parchoor,1,1,1,0,0,0,0,0,0,0,0,0,0,0,0,0,0,0,0,0,1,0,0,0
u9OSA-f-wkw,2020-03-17,-0.9992369413375854,2071.0,Sakshi,546.0,4.0,parchur.png,Yeluri Sambasiva Rao,TDP,parchoor,0,0,1,0,0,1,0,0,0,1,0,0,0,0,0,0,0,0,0,0,0,0,0,0
oEKk0MNd5hM,2021-02-15,0.9976578950881958,2900.0,Sakshi,200.0,5.0,parchur.png,Yeluri Sambasiva Rao,TDP,parchoor,0,1,1,1,1,1,0,0,0,0,1,0,0,0,0,0,0,0,0,0,0,0,0,1
hMVWUpz5Q7w,2021-02-16,0.9950876832008362,4047.0,Sakshi,145.0,2.0,parchur.png,Yeluri Sambasiva Rao,TDP,parchoor,0,0,0,0,0,0,0,0,0,0,0,0,0,0,0,0,0,0,0,0,0,0,0,0
VHzx0OYJ1Eo,2021-02-16,0.9959558248519896,3615.0,Sakshi,274.0,2.0,parchur.png,Yeluri Sambasiva Rao,TDP,parchoor,1,1,1,1,0,0,0,1,0,1,1,1,1,0,0,1,1,0,0,0,0,0,1,1
Qx0yhF8vO5o,2021-02-16,0.9910224676132202,5036.0,Sakshi,320.0,0.0,parchur.png,Yeluri Sambasiva Rao,TDP,parchoor,0,0,1,0,0,0,0,0,0,1,0,1,1,0,0,0,0,0,0,0,0,0,0,0
Fj32Pzp_4pw,2021-02-17,0.9974365830421448,1692.0,Sakshi,295.0,1.0,parchur.png,Yeluri Sambasiva Rao,TDP,parchoor,0,0,0,0,0,0,0,0,0,1,0,0,0,0,0,0,0,0,0,0,0,0,1,0
wcNH4CBc-YE,2021-02-17,-0.9948487877845764,73404.0,Sakshi,168.0,92.0,parchur.png,Yeluri Sambasiva Rao,TDP,parchoor,1,0,0,0,1,1,0,0,0,0,0,0,0,1,0,0,0,0,0,0,0,0,0,0
hQwCBocQ1Xg,2021-02-18,0.997515082359314,1783.0,Sakshi,132.0,0.0,parchur.png,Yeluri Sambasiva Rao,TDP,parchoor,1,1,1,1,0,0,1,1,0,1,1,1,1,1,1,1,0,0,0,1,1,0,1,1
3_09BPW99Aw,2021-02-18,-0.997835338115692,18811.0,Sakshi,240.0,9.0,parchur.png,Yeluri Sambasiva Rao,TDP,parchoor,1,1,1,1,0,1,1,1,0,0,1,1,1,1,0,1,0,0,0,0,0,0,1,1
c39UFm7E9_k,2021-02-20,-0.9973739385604858,34405.0,Sakshi,227.0,9.0,parchur.png,Yeluri Sambasiva Rao,TDP,parchoor,1,0,0,1,0,0,0,0,0,0,0,0,0,0,0,0,0,0,0,0,0,0,1,0
FWwChmaP6C0,2021-07-14,-0.9968889355659484,3630.0,Sakshi,585.0,15.0,parchur.png,Yeluri Sambasiva Rao,TDP,parchoor,0,0,0,0,0,0,0,0,0,0,0,0,0,0,0,0,0,0,0,0,0,0,0,0
K1yD_Xb79l8,2021-08-19,-0.9922539591789246,2996.0,Sakshi,309.0,24.0,parchur.png,Yeluri Sambasiva Rao,TDP,parchoor,0,0,0,0,0,1,0,0,0,1,0,0,0,0,0,0,0,0,0,0,0,0,0,0
u0WJqqdzjnI,2021-11-10,-0.9964014291763306,1854.0,Sakshi,123.0,6.0,parchur.png,Yeluri Sambasiva Rao,TDP,parchoor,1,1,1,1,1,1,0,0,0,0,0,0,0,0,0,0,0,0,0,0,0,0,0,1
uq6Cmzopffs,2021-11-10,-0.9952109456062316,5475.0,Sakshi,349.0,15.0,parchur.png,Yeluri Sambasiva Rao,TDP,parchoor,0,0,0,0,0,0,0,0,0,0,0,0,0,0,0,0,0,0,0,0,0,0,0,0
5JOExwhy-1I,2021-11-10,-0.9913827776908876,1565.0,Sakshi,129.0,5.0,parchur.png,Yeluri Sambasiva Rao,TDP,parchoor,1,0,0,0,0,1,0,0,0,1,0,0,0,0,0,0,0,0,0,0,0,0,0,0
YeRH56spw2I,2021-11-10,-0.9974443912506104,518.0,Sakshi,110.0,2.0,parchur.png,Yeluri Sambasiva Rao,TDP,parchoor,1,0,1,0,0,1,0,0,0,0,0,0,0,0,0,0,0,0,0,0,0,0,0,0
GRslM7PfhAo,2021-11-10,0.986665427684784,1777.0,Sakshi,515.0,16.0,parchur.png,Yeluri Sambasiva Rao,TDP,parchoor,0,0,0,0,0,1,0,0,0,0,0,0,0,0,0,0,0,0,0,0,0,0,0,0
VOqCAGxqXnE,2021-11-10,0.9981595873832704,5057.0,Sakshi,207.0,12.0,parchur.png,Yeluri Sambasiva Rao,TDP,parchoor,0,0,0,0,1,0,0,0,0,0,0,0,0,0,0,0,0,0,0,0,0,0,0,0
TWzm9-UiyL0,2021-11-10,0.6767442226409912,4232.0,Sakshi,331.0,6.0,parchur.png,Yeluri Sambasiva Rao,TDP,parchoor,1,1,1,1,0,1,0,0,0,0,1,0,0,0,0,1,1,0,1,0,1,0,0,1
U0H9tENlakE,2021-11-14,0.9968131184577942,22953.0,Sakshi,511.0,23.0,parchur.png,Yeluri Sambasiva Rao,TDP,parchoor,0,0,0,0,1,0,0,0,0,1,0,0,0,0,0,0,0,0,0,0,0,0,0,0
Jh6rP07NZk4,2021-11-15,-0.9994833469390868,6017.0,Sakshi,171.0,21.0,parchur.png,Yeluri Sambasiva Rao,TDP,parchoor,0,0,0,0,0,1,0,0,0,0,0,0,0,1,0,0,0,1,0,0,0,0,0,0
UIvFUMyS57w,2021-11-15,-0.9967862367630004,2563.0,Sakshi,485.0,14.0,parchur.png,Yeluri Sambasiva Rao,TDP,parchoor,0,0,0,0,0,0,0,0,0,0,0,0,0,0,0,0,0,0,0,0,0,0,0,0
sMBFnhm8a1U,2021-11-23,-0.9984651803970336,67156.0,Sakshi,508.0,160.0,parchur.png,Yeluri Sambasiva Rao,TDP,parchoor,0,0,0,1,0,0,0,0,0,1,0,0,0,0,0,0,0,0,1,0,0,0,0,0
k-SJ8aJBX5Y,2021-12-11,-0.99797123670578,38282.0,Sakshi,386.0,121.0,parchur.png,Yeluri Sambasiva Rao,TDP,parchoor,0,0,0,0,0,1,0,0,0,0,0,1,0,0,0,0,1,0,0,0,0,0,1,0
id9IXnw1O2E,2021-12-13,-0.9971287846565248,11377.0,Sakshi,397.0,88.0,parchur.png,Yeluri Sambasiva Rao,TDP,parchoor,0,0,0,0,0,1,1,0,0,0,0,0,0,0,0,0,0,0,0,0,0,0,0,0
VaxKlRgMbWQ,2021-12-15,0.9781439900398254,70762.0,Sakshi,108.0,65.0,parchur.png,Yeluri Sambasiva Rao,TDP,parchoor,0,0,0,0,0,0,0,0,0,0,0,0,0,0,0,0,0,0,0,0,0,0,0,0
ixAqfnO_l-U,2022-01-01,0.989788055419922,4265.0,Sakshi,377.0,63.0,parchur.png,Yeluri Sambasiva Rao,TDP,parchoor,0,0,0,0,1,0,0,0,0,0,0,0,0,0,0,0,0,1,0,0,0,0,0,0
y232y_8e-9M,2022-01-01,0.994730830192566,1588.0,Sakshi,515.0,13.0,parchur.png,Yeluri Sambasiva Rao,TDP,parchoor,0,0,0,0,1,0,0,0,0,0,0,0,0,0,0,0,0,1,0,0,0,0,0,0
mIRrXLj42zw,2022-01-12,-0.9221158027648926,23556.0,Sakshi,272.0,97.0,parchur.png,Yeluri Sambasiva Rao,TDP,parchoor,0,0,0,0,1,0,0,0,0,0,0,0,0,0,0,0,0,0,1,0,0,0,1,0
lXD-7Pqpqns,2022-02-02,-0.9994902610778807,8137.0,Sakshi,225.0,60.0,parchur.png,Yeluri Sambasiva Rao,TDP,parchoor,0,0,0,0,0,0,0,0,0,0,0,0,0,0,0,0,1,1,0,0,0,0,0,0
4rGAusTR1Ew,2022-02-02,-0.9980323910713196,9067.0,Sakshi,547.0,108.0,parchur.png,Yeluri Sambasiva Rao,TDP,parchoor,0,0,0,0,0,0,0,0,0,0,0,0,0,0,0,0,1,1,0,0,0,0,0,0
VUUpGJBzgTg,2022-02-02,-0.9956654906272888,10358.0,Sakshi,536.0,55.0,parchur.png,Yeluri Sambasiva Rao,TDP,parchoor,0,0,0,0,0,0,0,0,0,1,0,0,0,0,0,0,1,1,0,0,0,0,0,0
nlePZfp49yI,2022-02-23,-0.9972821474075316,28548.0,Sakshi,309.0,98.0,parchur.png,Yeluri Sambasiva Rao,TDP,parchoor,1,1,1,1,0,0,0,0,0,0,0,0,0,0,0,0,0,0,0,0,0,0,0,1
MMCtgZ9KOAA,2022-02-25,0.9969817996025084,3781.0,Sakshi,110.0,9.0,parchur.png,Yeluri Sambasiva Rao,TDP,parchoor,0,0,0,0,1,0,0,0,0,0,0,0,0,0,0,0,0,0,0,0,1,0,0,0
38ufnk45Omg,2022-03-01,0.9975848197937012,8059.0,Sakshi,368.0,71.0,parchur.png,Yeluri Sambasiva Rao,TDP,parchoor,0,0,0,0,0,1,0,0,0,0,0,0,0,0,1,0,0,1,0,0,0,0,0,0
IrazKnqmUoA,2022-04-02,-0.999026656150818,2340.0,Sakshi,263.0,14.0,parchur.png,Yeluri Sambasiva Rao,TDP,parchoor,0,0,1,0,1,0,0,0,0,0,0,0,0,0,0,0,0,0,0,0,0,0,0,0
o2orXjEPTVE,2022-04-04,0.9986820816993712,6871.0,Sakshi,217.0,29.0,parchur.png,Yeluri Sambasiva Rao,TDP,parchoor,0,0,0,0,1,0,0,0,0,1,0,0,0,0,0,0,0,1,0,0,0,0,0,0
bxRpvtZZlKo,2022-04-07,0.9978412389755248,18874.0,Sakshi,260.0,14.0,parchur.png,Yeluri Sambasiva Rao,TDP,parchoor,1,1,1,0,0,0,0,0,0,0,1,1,0,0,0,0,0,0,0,0,0,0,1,1
JHmHqWOIMSE,2022-04-09,0.9917497038841248,12646.0,Sakshi,247.0,12.0,parchur.png,Yeluri Sambasiva Rao,TDP,parchoor,0,0,0,0,0,0,0,0,0,0,0,0,0,0,1,0,0,1,0,0,0,0,0,0
5I6Az4EzCr0,2022-04-11,0.9980548620224,778931.0,Sakshi,144.0,906.0,parchur.png,Yeluri Sambasiva Rao,TDP,parchoor,0,1,1,1,1,0,0,0,0,1,0,0,0,0,0,0,0,0,0,0,0,0,0,0
lDTS8nxGVzM,2022-04-16,0.9949790835380554,137414.0,Sakshi,405.0,123.0,parchur.png,Yeluri Sambasiva Rao,TDP,parchoor,0,0,1,0,0,0,0,0,0,0,0,0,0,0,0,0,0,0,0,0,0,0,0,0
9YEXsELtz0k,2022-04-21,-0.9982851147651672,6600.0,Sakshi,250.0,43.0,parchur.png,Yeluri Sambasiva Rao,TDP,parchoor,0,0,0,0,1,1,0,0,0,0,0,0,0,0,0,0,0,1,0,0,0,0,1,0
SdU7zHYjnfA,2022-05-04,-0.9978188276290894,18288.0,Sakshi,89.0,32.0,parchur.png,Yeluri Sambasiva Rao,TDP,parchoor,1,0,0,0,1,0,0,0,0,0,0,0,0,0,0,0,0,0,0,0,0,0,0,1
8rvlBzhN0A0,2022-05-06,0.9771048426628112,75938.0,Sakshi,237.0,137.0,parchur.png,Yeluri Sambasiva Rao,TDP,parchoor,0,0,0,0,1,1,0,0,0,0,0,0,0,0,0,0,0,0,0,0,0,0,0,0
UA5hNlixHeI,2022-05-07,0.9970705509185792,65994.0,Sakshi,210.0,10.0,parchur.png,Yeluri Sambasiva Rao,TDP,parchoor,0,0,0,0,1,0,0,0,0,0,0,0,0,0,0,0,0,0,0,0,0,1,0,0
LqdCrndMO94,2022-05-14,0.9967275857925416,71135.0,Sakshi,114.0,29.0,parchur.png,Yeluri Sambasiva Rao,TDP,parchoor,0,0,0,0,1,0,0,0,0,1,0,0,0,0,0,0,0,0,0,0,0,0,0,0
BNAvXK2YbA4,2022-05-19,0.9986870884895324,501423.0,Sakshi,358.0,818.0,parchur.png,Yeluri Sambasiva Rao,TDP,parchoor,0,0,0,0,1,0,0,0,0,0,0,0,0,0,0,0,0,0,0,0,0,0,0,0
inZFNu1JZuA,2022-05-21,0.9986411929130554,189508.0,Sakshi,453.0,117.0,parchur.png,Yeluri Sambasiva Rao,TDP,parchoor,0,0,0,0,1,0,0,0,0,0,0,0,0,0,0,0,0,0,0,0,0,0,0,0
OB6hycePwaM,2022-05-21,0.9926068782806396,34987.0,Sakshi,560.0,70.0,parchur.png,Yeluri Sambasiva Rao,TDP,parchoor,0,0,0,0,1,1,0,0,0,0,0,0,0,0,0,0,0,0,0,0,0,0,0,0
N1jzKc_HDWc,2022-05-24,-0.997886836528778,30798.0,Sakshi,524.0,59.0,parchur.png,Yeluri Sambasiva Rao,TDP,parchoor,0,0,0,0,1,1,0,0,0,1,0,0,0,0,0,0,0,0,0,0,0,0,0,0
ZOP5MFBjVgw,2022-05-25,-0.9991812109947203,4291.0,Sakshi,225.0,12.0,parchur.png,Yeluri Sambasiva Rao,TDP,parchoor,0,0,1,1,0,1,1,0,0,0,0,0,0,0,1,0,0,0,0,0,0,0,0,0
z8gLq0ra-Ak,2022-05-30,0.9783824682235718,3496.0,Sakshi,338.0,13.0,parchur.png,Yeluri Sambasiva Rao,TDP,parchoor,0,0,1,0,1,0,0,0,0,0,0,0,0,0,0,0,0,0,0,0,0,0,0,0
itrc5lhxM20,2022-06-12,0.9948285222053528,21537.0,Sakshi,181.0,17.0,parchur.png,Yeluri Sambasiva Rao,TDP,parchoor,0,1,1,1,1,1,0,0,0,0,0,0,0,0,0,0,0,0,0,0,0,0,0,0
EDxqgCnTAdo,2022-06-19,-0.9734482169151306,59474.0,Sakshi,109.0,188.0,parchur.png,Yeluri Sambasiva Rao,TDP,parchoor,1,0,0,0,0,1,0,1,0,0,0,0,0,0,0,0,1,0,0,0,0,0,0,1
iqmVLJuAUSA,2022-06-23,0.9919258952140808,5985.0,Sakshi,571.0,18.0,parchur.png,Yeluri Sambasiva Rao,TDP,parchoor,0,0,1,0,0,0,0,0,0,0,0,0,0,0,0,0,0,0,0,0,0,0,0,0
CZ8RDtTNyFA,2022-06-26,-0.9941059350967408,2927.0,Sakshi,173.0,1.0,parchur.png,Yeluri Sambasiva Rao,TDP,parchoor,0,1,1,0,0,0,0,0,0,0,0,0,0,0,0,0,0,0,1,0,0,0,0,0
_X-H0laKpBE,2022-07-07,0.9974702596664428,2638.0,Sakshi,249.0,3.0,parchur.png,Yeluri Sambasiva Rao,TDP,parchoor,0,1,1,0,1,0,0,0,0,1,1,0,0,0,0,0,0,0,0,1,0,0,0,0
WCjK9RyZjjI,2022-07-08,0.9952215552330016,2447.0,Sakshi,340.0,0.0,parchur.png,Yeluri Sambasiva Rao,TDP,parchoor,0,0,1,0,0,0,0,0,0,0,0,0,0,0,0,0,0,0,0,1,0,0,0,0
h2xqf4a6pcU,2022-07-08,0.9963286519050598,4852.0,Sakshi,517.0,4.0,parchur.png,Yeluri Sambasiva Rao,TDP,parchoor,0,0,1,0,1,0,0,0,0,0,0,0,0,0,0,0,0,0,0,0,0,0,0,0
8lRoufowRU4,2022-07-09,0.995983362197876,2912.0,Sakshi,520.0,1.0,parchur.png,Yeluri Sambasiva Rao,TDP,parchoor,0,0,1,0,1,0,0,0,0,0,0,0,0,0,0,0,0,0,0,1,0,0,0,0
jhY2U-63yHg,2022-07-09,0.9975690245628356,1819.0,Sakshi,593.0,4.0,parchur.png,Yeluri Sambasiva Rao,TDP,parchoor,0,0,1,0,0,0,0,0,0,0,0,0,0,0,0,0,0,0,0,1,0,0,0,0
g7GDfpIFewU,2022-07-09,0.9987754225730896,1578.0,Sakshi,220.0,4.0,parchur.png,Yeluri Sambasiva Rao,TDP,parchoor,0,1,1,1,1,0,0,0,0,0,0,1,1,0,0,0,0,0,0,1,0,0,0,0
neKsRtav4IM,2022-07-09,-0.9977430105209352,6406.0,Sakshi,274.0,16.0,parchur.png,Yeluri Sambasiva Rao,TDP,parchoor,0,0,1,0,1,0,0,0,0,0,0,0,0,0,0,0,0,0,0,0,0,0,0,0
7hiJK-j00sE,2022-07-10,0.9976097345352172,7920.0,Sakshi,559.0,12.0,parchur.png,Yeluri Sambasiva Rao,TDP,parchoor,0,0,1,0,1,0,0,0,0,0,0,0,0,0,0,0,0,0,0,0,0,0,0,0
gwgHHEkBWOg,2022-07-14,0.9942489862442015,2942.0,Sakshi,347.0,3.0,parchur.png,Yeluri Sambasiva Rao,TDP,parchoor,0,0,1,0,1,0,0,0,0,0,0,0,0,0,0,0,0,0,0,0,0,0,0,0
nOzfpRvi0ug,2022-07-14,0.9981083869934082,16077.0,Sakshi,70.0,16.0,parchur.png,Yeluri Sambasiva Rao,TDP,parchoor,0,0,0,0,1,0,0,0,0,0,0,0,0,0,0,0,0,0,0,0,0,0,0,0
9L9thsbIx1I,2022-07-25,0.9893993139266968,2407.0,Sakshi,65.0,8.0,parchur.png,Yeluri Sambasiva Rao,TDP,parchoor,0,0,0,0,1,1,0,0,0,0,0,0,0,0,0,0,0,0,0,0,0,0,0,0
giqfWtrP0OA,2022-07-28,0.9842846393585204,13089.0,Sakshi,213.0,25.0,parchur.png,Yeluri Sambasiva Rao,TDP,parchoor,0,0,0,0,1,1,0,0,0,0,0,0,0,0,0,0,0,0,0,0,0,0,0,0
WCNk9cwFH_8,2022-08-10,-0.9989093542099,168623.0,Sakshi,158.0,608.0,parchur.png,Yeluri Sambasiva Rao,TDP,parchoor,1,1,1,0,0,1,0,0,0,0,1,0,0,0,0,0,0,0,0,0,0,0,1,1
DdLcDurQEFw,2022-08-10,0.9829634428024292,28191.0,Sakshi,290.0,156.0,parchur.png,Yeluri Sambasiva Rao,TDP,parchoor,0,0,0,0,0,1,0,0,0,0,0,0,0,0,0,0,0,0,0,0,0,0,0,0
SQP8E2DUFU4,2022-08-10,-0.9978588223457336,88725.0,Sakshi,170.0,107.0,parchur.png,Yeluri Sambasiva Rao,TDP,parchoor,0,0,1,0,0,0,0,0,0,0,0,0,0,0,0,0,0,0,0,0,0,0,0,0
_xYlu2pfPQ0,2022-08-12,0.998791515827179,46437.0,Sakshi,376.0,70.0,parchur.png,Yeluri Sambasiva Rao,TDP,parchoor,0,0,0,0,1,0,0,0,0,1,0,0,0,0,0,0,0,0,0,0,0,0,0,0
dKXhqnDssCs,2022-08-19,0.9963808655738832,9382.0,Sakshi,251.0,25.0,parchur.png,Yeluri Sambasiva Rao,TDP,parchoor,0,0,0,0,1,0,0,1,0,0,0,0,0,0,0,0,0,0,0,0,0,0,0,0
m_SSuLl1Y5A,2022-08-19,-0.983403503894806,47052.0,Sakshi,485.0,141.0,parchur.png,Yeluri Sambasiva Rao,TDP,parchoor,0,0,0,0,1,1,0,0,0,0,0,0,0,0,0,0,0,0,0,0,0,0,0,0
pbd4cRlC36E,2022-08-22,-0.998203992843628,807.0,TV5,196.0,2.0,parchur.png,Yeluri Sambasiva Rao,TDP,parchoor,1,0,0,0,0,1,0,0,0,0,0,0,0,0,0,0,0,0,0,0,0,0,0,0
jIqMGSjXMhk,2022-08-26,-0.996815860271454,51466.0,TV5,555.0,42.0,parchur.png,Yeluri Sambasiva Rao,TDP,parchoor,0,0,1,0,0,0,0,0,0,0,0,0,0,1,0,0,0,0,0,0,0,0,0,0
KCAeHgDNPB4,2022-08-28,0.997476041316986,2911.0,TV5,248.0,6.0,parchur.png,Yeluri Sambasiva Rao,TDP,parchoor,1,1,1,0,0,0,0,0,0,0,0,0,0,0,0,0,0,0,0,0,1,0,0,0
oAZuNtY2CJY,2022-08-31,0.9981770515441896,2102.0,TV5,220.0,3.0,parchur.png,Yeluri Sambasiva Rao,TDP,parchoor,1,0,1,1,0,0,0,0,0,0,0,0,0,0,0,0,0,0,0,0,0,0,0,0
efMR2i1rgCo,2022-09-03,0.996903359889984,55916.0,Sakshi,372.0,38.0,parchur.png,Yeluri Sambasiva Rao,TDP,parchoor,0,0,0,0,0,0,0,0,0,0,0,0,0,0,0,0,0,0,0,0,0,0,0,0
3knfqvu12OE,2022-09-05,-0.9991470575332642,3432.0,TV5,241.0,6.0,parchur.png,Yeluri Sambasiva Rao,TDP,parchoor,1,0,0,0,0,0,0,0,0,0,0,0,0,0,0,0,0,0,0,0,0,0,0,0
Abvdowohj80,2022-09-06,-0.9995056390762328,1905.0,TV5,522.0,5.0,parchur.png,Yeluri Sambasiva Rao,TDP,parchoor,0,0,0,0,0,0,0,0,0,1,0,0,0,0,0,0,1,0,0,0,0,0,0,0
l6P3Jnc0jn4,2022-09-07,-0.9967846870422364,16763.0,TV5,132.0,23.0,parchur.png,Yeluri Sambasiva Rao,TDP,parchoor,1,1,1,0,0,0,0,0,0,0,1,0,0,0,0,0,0,0,0,0,0,0,1,0
PQ_ggkKps7Y,2022-09-08,0.9930843114852904,1298.0,TV5,450.0,1.0,parchur.png,Yeluri Sambasiva Rao,TDP,parchoor,0,0,0,0,0,0,0,0,0,1,0,0,0,0,0,0,0,0,0,0,0,0,0,0
0YuG4PXtE5Y,2022-09-08,0.9900352358818054,2033.0,TV5,585.0,1.0,parchur.png,Yeluri Sambasiva Rao,TDP,parchoor,0,0,0,0,0,0,0,0,0,0,0,0,0,0,0,0,0,0,0,0,0,0,0,0
la8KoN8dSzc,2022-09-10,-0.998658299446106,4589.0,Sakshi,230.0,6.0,parchur.png,Yeluri Sambasiva Rao,TDP,parchoor,1,1,1,0,1,1,0,1,0,0,1,0,0,0,0,1,1,0,1,1,0,0,1,1
eV8jKEwj2vc,2022-09-15,-0.9963030815124512,4865.0,TV5,180.0,6.0,parchur.png,Yeluri Sambasiva Rao,TDP,parchoor,1,1,1,1,1,1,0,0,0,1,0,0,0,0,0,0,0,0,1,0,0,0,0,0
_3Y0wVtBd3U,2022-09-15,0.9924944639205932,280233.0,TV5,426.0,424.0,parchur.png,Yeluri Sambasiva Rao,TDP,parchoor,0,1,0,0,0,0,0,0,0,0,0,0,0,0,0,0,0,1,0,0,0,0,0,0
TrbOaSq_rUQ,2022-09-17,-0.9935125708580016,4091.0,Sakshi,170.0,1.0,parchur.png,Yeluri Sambasiva Rao,TDP,parchoor,1,0,1,0,0,0,0,0,0,0,0,0,0,0,0,0,0,0,1,0,0,0,0,0
Fv-QQXPIiw4,2022-09-19,-0.9978153705596924,2703.0,TV5,340.0,4.0,parchur.png,Yeluri Sambasiva Rao,TDP,parchoor,1,1,1,1,0,1,0,1,0,1,0,0,1,0,0,1,1,0,1,0,0,1,1,0
Xs0OYZ_4PFY,2022-09-21,-0.9868576526641846,5829.0,TV5,235.0,10.0,parchur.png,Yeluri Sambasiva Rao,TDP,parchoor,1,0,0,0,1,1,0,0,0,1,0,0,0,0,0,0,1,0,1,0,0,0,0,0
Ly4B0TbXM2k,2022-09-22,0.9794802665710448,21557.0,Sakshi,475.0,93.0,parchur.png,Yeluri Sambasiva Rao,TDP,parchoor,0,0,0,0,0,1,0,0,0,0,0,0,0,0,0,0,0,1,0,0,0,0,0,0
vmqt4DDTDHk,2022-09-27,0.9904239773750304,1378.0,TV5,440.0,5.0,parchur.png,Yeluri Sambasiva Rao,TDP,parchoor,0,0,0,0,0,0,0,0,0,0,0,0,0,0,0,0,0,0,0,0,0,0,0,0
DVv5qusQdFU,2022-09-28,0.994350254535675,278.0,TV5,510.0,0.0,parchur.png,Yeluri Sambasiva Rao,TDP,parchoor,0,0,0,0,0,0,0,0,0,0,0,0,0,0,0,0,0,0,0,0,0,0,0,0
c048AytAls8,2022-09-30,0.988658845424652,19678.0,Sakshi,529.0,88.0,parchur.png,Yeluri Sambasiva Rao,TDP,parchoor,0,0,0,0,0,0,0,0,0,0,0,0,0,0,0,0,0,1,0,0,0,0,0,0
eVhuW4sdelM,2022-10-03,0.9924303889274596,354.0,TV5,101.0,0.0,parchur.png,Yeluri Sambasiva Rao,TDP,parchoor,1,0,1,0,1,0,0,0,0,0,0,0,0,0,0,0,0,0,0,0,0,0,1,0
m-b6Zw0ntQk,2022-10-03,0.9959617257118224,2492.0,TV5,81.0,1.0,parchur.png,Yeluri Sambasiva Rao,TDP,parchoor,0,0,1,0,0,0,0,0,0,0,0,1,0,0,0,0,0,0,0,0,0,0,0,0
ESBRShGQqGA,2022-10-04,0.9971969127655028,1876.0,Sakshi,393.0,15.0,parchur.png,Yeluri Sambasiva Rao,TDP,parchoor,0,0,1,0,0,0,0,0,0,0,0,0,0,0,0,0,0,0,0,0,0,0,0,0
RNBxJLVSD64,2022-10-04,0.9935128092765808,9373.0,TV5,83.0,16.0,parchur.png,Yeluri Sambasiva Rao,TDP,parchoor,0,1,1,1,0,0,0,0,0,0,1,0,0,0,0,0,0,0,0,0,0,0,0,0
nHE1RfK9Pwg,2022-10-06,0.996310293674469,1981.0,Sakshi,403.0,7.0,parchur.png,Yeluri Sambasiva Rao,TDP,parchoor,0,0,0,0,0,0,0,0,0,0,0,0,0,0,0,0,0,0,0,0,0,0,0,0
YQzaniw3wbU,2022-10-06,0.974161982536316,12492.0,Sakshi,190.0,10.0,parchur.png,Yeluri Sambasiva Rao,TDP,parchoor,0,0,1,0,0,0,0,0,0,0,0,0,0,0,0,0,0,1,0,0,0,0,0,0
RC-f7V3H__A,2022-10-06,0.981351912021637,1923.0,TV5,83.0,7.0,parchur.png,Yeluri Sambasiva Rao,TDP,parchoor,0,0,0,0,0,0,0,0,0,0,0,0,0,0,0,0,0,0,0,0,0,0,0,0
gqT3AGQjQSU,2022-10-07,0.9932323694229126,967.0,Sakshi,238.0,0.0,parchur.png,Yeluri Sambasiva Rao,TDP,parchoor,0,0,0,0,0,0,0,0,0,0,1,0,0,1,0,0,0,0,0,0,0,0,0,0
_LUVZ61yfHU,2022-10-07,0.9970095157623292,408.0,TV5,215.0,1.0,parchur.png,Yeluri Sambasiva Rao,TDP,parchoor,1,0,1,1,0,0,0,0,0,0,0,0,0,0,0,0,1,0,0,0,0,0,0,0
ApIfJ7Umh7c,2022-10-07,-0.9992496371269226,1439.0,Sakshi,348.0,7.0,parchur.png,Yeluri Sambasiva Rao,TDP,parchoor,1,0,0,1,0,1,0,0,0,0,0,1,0,0,0,0,0,0,0,0,0,0,0,0
Nh1VB6kGQXo,2022-10-12,-0.9990233182907104,3281.0,TV5,220.0,3.0,parchur.png,Yeluri Sambasiva Rao,TDP,parchoor,0,1,1,0,1,0,0,0,1,0,0,0,0,0,0,0,0,0,0,0,0,0,0,0
grU7byqEN5A,2022-10-13,-0.9945451021194458,2071.0,ABN,401.0,3.0,parchur.png,Yeluri Sambasiva Rao,TDP,parchoor,0,0,0,0,0,0,0,0,0,0,0,0,0,0,0,0,0,0,0,0,0,0,0,0
Uoplsp1tpSw,2022-10-13,-0.9886841177940368,213050.0,TV5,512.0,127.0,parchur.png,Yeluri Sambasiva Rao,TDP,parchoor,0,0,0,0,1,0,0,0,0,0,0,0,0,0,0,0,0,0,0,0,0,0,0,0
rSLgbXJQxm8,2022-10-14,0.9983274340629578,61170.0,Sakshi,330.0,188.0,parchur.png,Yeluri Sambasiva Rao,TDP,parchoor,0,0,0,0,0,0,1,0,0,0,0,0,0,0,0,0,0,0,0,0,0,0,0,0
BG_U8919FBA,2022-10-14,0.9959027171134948,405.0,ABN,411.0,0.0,parchur.png,Yeluri Sambasiva Rao,TDP,parchoor,0,0,0,0,0,0,0,0,0,0,0,0,0,0,0,0,0,0,0,0,0,0,0,0
PUsJP0orPf0,2022-10-15,-0.9930760860443116,2267.0,ABN,436.0,2.0,parchur.png,Yeluri Sambasiva Rao,TDP,parchoor,0,0,0,0,0,0,0,0,0,0,0,0,0,0,0,0,0,0,0,0,0,0,0,0
96S_T79nyws,2022-10-15,0.997846245765686,516.0,TV5,269.0,0.0,parchur.png,Yeluri Sambasiva Rao,TDP,parchoor,0,0,1,0,0,0,0,0,0,0,0,0,0,0,0,0,0,0,0,0,0,0,0,0
b1Bh0uM9-sg,2022-10-18,-0.9980790615081788,925.0,ABN,275.0,1.0,parchur.png,Yeluri Sambasiva Rao,TDP,parchoor,0,0,0,0,1,0,0,1,0,0,0,0,0,0,0,0,0,0,0,0,0,0,0,0
BqIFbS6k56o,2022-10-20,-0.9945032596588136,1001.0,ABN,357.0,3.0,parchur.png,Yeluri Sambasiva Rao,TDP,parchoor,0,0,0,0,0,0,0,0,0,0,0,0,0,0,0,0,0,0,0,0,0,0,0,0
2K49vYeO8sI,2022-10-20,-0.9979243278503418,24821.0,ABN,311.0,89.0,parchur.png,Yeluri Sambasiva Rao,TDP,parchoor,0,1,1,0,1,0,0,0,0,0,0,0,0,0,0,0,0,0,0,0,1,0,0,0
TZwGkzwdVco,2022-10-20,-0.9959293007850648,1217.0,ABN,324.0,1.0,parchur.png,Yeluri Sambasiva Rao,TDP,parchoor,0,0,0,0,0,1,1,0,0,0,0,1,0,0,0,0,0,0,0,0,1,0,0,1
bdqvPZ2MW8s,2022-10-22,-0.9764634370803832,871.0,ABN,155.0,2.0,parchur.png,Yeluri Sambasiva Rao,TDP,parchoor,0,0,0,0,0,0,0,0,0,0,0,0,0,0,0,0,0,0,0,0,0,0,0,0
89SIWB85BBA,2022-10-22,0.9938430786132812,1086.0,ABN,266.0,1.0,parchur.png,Yeluri Sambasiva Rao,TDP,parchoor,0,0,0,0,0,0,0,0,0,0,0,0,0,0,0,0,0,0,0,0,0,0,0,0
pLTSJV8xY9k,2022-10-25,0.9818245768547058,913.0,TV5,351.0,0.0,parchur.png,Yeluri Sambasiva Rao,TDP,parchoor,0,0,0,0,0,0,0,0,0,0,0,0,0,0,0,0,0,0,0,0,0,0,0,0
o8k1RL6vCHY,2022-10-25,0.9979973435401917,59928.0,ABN,447.0,108.0,parchur.png,Yeluri Sambasiva Rao,TDP,parchoor,0,0,0,0,0,0,0,0,0,0,0,0,0,0,0,0,0,0,0,0,0,0,0,0
Y_t8ne1vfPE,2022-10-27,-0.99542635679245,842.0,TV5,110.0,2.0,parchur.png,Yeluri Sambasiva Rao,TDP,parchoor,0,0,0,0,0,0,0,0,0,0,0,0,0,0,0,0,0,0,0,0,0,0,0,0
9D27AX9Dhe4,2022-10-27,0.9962678551673888,6642.0,Sakshi,259.0,26.0,parchur.png,Yeluri Sambasiva Rao,TDP,parchoor,0,1,1,0,0,0,0,0,0,0,0,0,0,0,0,0,0,0,0,1,0,0,0,0
h0QE7nRsmZw,2022-10-28,-0.9972683191299438,1626.0,ABN,351.0,0.0,parchur.png,Yeluri Sambasiva Rao,TDP,parchoor,0,1,0,0,0,0,0,0,0,1,0,1,0,0,0,0,1,0,0,0,0,0,0,0
N8890v7FOeM,2022-10-28,-0.9911589026451112,42911.0,TV5,445.0,76.0,parchur.png,Yeluri Sambasiva Rao,TDP,parchoor,0,0,1,0,0,1,0,0,0,0,0,0,0,0,0,0,0,0,0,0,0,0,0,0
V16rBW8oczk,2022-10-29,-0.9985750913619996,2545.0,ABN,295.0,14.0,parchur.png,Yeluri Sambasiva Rao,TDP,parchoor,0,0,0,0,0,0,0,0,0,0,0,1,0,0,0,0,0,0,0,0,0,0,0,0
3jPiXwrwGK0,2022-10-29,0.8542861938476562,4814.0,ABN,545.0,18.0,parchur.png,Yeluri Sambasiva Rao,TDP,parchoor,0,0,0,0,0,0,0,0,0,0,0,0,0,0,0,0,0,0,0,0,0,0,0,0
LXsCZTTNxt4,2022-10-29,0.9987189769744872,6825.0,Sakshi,159.0,21.0,parchur.png,Yeluri Sambasiva Rao,TDP,parchoor,0,0,1,0,1,1,0,0,0,0,0,0,0,0,0,0,0,0,0,0,0,0,0,0
m4GHXzEvOkQ,2022-10-31,-0.9872475862503052,722.0,Sakshi,153.0,5.0,parchur.png,Yeluri Sambasiva Rao,TDP,parchoor,1,0,0,1,1,1,1,0,0,0,0,0,0,1,1,0,0,0,0,0,0,0,0,0
3lAfz6XCvX0,2022-11-01,0.9919923543930054,1295.0,ABN,357.0,1.0,parchur.png,Yeluri Sambasiva Rao,TDP,parchoor,0,1,1,0,0,0,0,0,0,1,0,0,0,0,0,0,0,0,0,0,0,0,0,0
S7ghj3WYZhw,2022-11-02,0.986861526966095,2663.0,TV5,428.0,9.0,parchur.png,Yeluri Sambasiva Rao,TDP,parchoor,0,0,0,0,0,0,0,0,0,0,0,0,0,0,0,0,0,0,0,0,0,0,0,0
PgW9QtXe-_A,2022-11-03,-0.9946061968803406,2611.0,ABN,380.0,2.0,parchur.png,Yeluri Sambasiva Rao,TDP,parchoor,1,0,0,0,0,1,0,0,0,0,0,0,0,0,0,0,0,0,0,0,0,0,0,0
iH4q6LLDQq8,2022-11-03,0.9975777268409728,1450.0,Sakshi,279.0,5.0,parchur.png,Yeluri Sambasiva Rao,TDP,parchoor,0,0,0,0,0,1,0,0,0,0,0,0,0,0,0,0,0,0,0,0,0,0,0,0
1Xl286kSLW8,2022-11-03,-0.9982132911682128,2920.0,ABN,395.0,7.0,parchur.png,Yeluri Sambasiva Rao,TDP,parchoor,0,0,0,0,0,0,0,0,0,0,0,0,0,0,0,0,0,0,0,0,0,0,0,0
DW9Lqnx8y30,2022-11-03,0.9956427812576294,5930.0,ABN,475.0,5.0,parchur.png,Yeluri Sambasiva Rao,TDP,parchoor,0,0,0,0,0,0,0,0,0,0,0,0,0,0,0,0,0,0,0,0,0,0,0,0
7JEiv5ZeshE,2022-11-05,0.9501911997795104,7542.0,Sakshi,280.0,98.0,parchur.png,Yeluri Sambasiva Rao,TDP,parchoor,0,1,1,0,1,1,1,0,0,1,1,0,0,0,1,0,0,0,0,0,0,0,0,1
LuCSz1hXRcE,2022-11-05,0.9985421895980836,5146.0,TV5,280.0,7.0,parchur.png,Yeluri Sambasiva Rao,TDP,parchoor,0,0,0,0,0,0,1,0,0,0,0,0,0,0,1,0,0,0,0,0,0,0,0,1
nfNrrQ3bk88,2022-11-06,-0.9902719855308532,946.0,TV5,305.0,1.0,parchur.png,Yeluri Sambasiva Rao,TDP,parchoor,0,1,1,1,0,0,0,0,0,0,1,0,0,0,0,0,0,0,0,0,0,0,1,0
F13yb7Nlsdw,2022-11-06,-0.9954053163528442,11985.0,Sakshi,310.0,51.0,parchur.png,Yeluri Sambasiva Rao,TDP,parchoor,0,1,1,1,0,1,1,0,0,0,0,0,1,0,0,0,0,0,1,0,1,0,0,0
ZQgyzoUxUDE,2022-11-06,0.9969895482063292,1252.0,TV5,225.0,0.0,parchur.png,Yeluri Sambasiva Rao,TDP,parchoor,0,0,1,1,0,0,0,0,0,0,0,0,0,0,0,0,0,0,1,0,1,0,0,0
beTvecFw-TE,2022-11-10,0.9971364736557008,19695.0,Sakshi,594.0,49.0,parchur.png,Yeluri Sambasiva Rao,TDP,parchoor,0,0,0,0,0,1,1,0,0,0,0,0,0,0,0,0,0,1,0,0,0,0,0,0
b9YBZQ3qW3k,2022-11-10,0.9978111386299132,29980.0,TV5,300.0,31.0,parchur.png,Yeluri Sambasiva Rao,TDP,parchoor,1,0,1,0,0,0,0,0,0,1,1,0,0,0,0,0,0,0,0,0,0,0,0,0
m9L0RZaPljQ,2022-11-10,0.9940377473831176,5524.0,Sakshi,254.0,10.0,parchur.png,Yeluri Sambasiva Rao,TDP,parchoor,0,0,0,0,0,1,1,0,0,0,0,0,0,0,0,0,0,1,0,0,0,0,0,0
WKZYvwkEIwA,2022-11-10,0.9936226010322572,4058.0,TV5,285.0,3.0,parchur.png,Yeluri Sambasiva Rao,TDP,parchoor,1,0,0,0,0,0,0,0,0,0,1,0,0,0,0,0,0,0,0,0,0,0,0,0
vQOdPot-Jig,2022-11-10,0.9948822259902954,3143.0,Sakshi,313.0,5.0,parchur.png,Yeluri Sambasiva Rao,TDP,parchoor,0,1,1,1,0,1,1,0,0,1,1,1,0,1,0,0,0,1,1,0,0,0,1,1
46rUPqL-zJI,2022-11-10,-0.9983813762664796,1342.0,Sakshi,193.0,8.0,parchur.png,Yeluri Sambasiva Rao,TDP,parchoor,0,0,0,0,0,1,1,0,0,0,0,0,0,0,0,0,0,1,0,0,0,0,0,0
7XnCZETVHag,2022-11-10,-0.9941834807395936,24283.0,TV5,325.0,20.0,parchur.png,Yeluri Sambasiva Rao,TDP,parchoor,1,0,0,0,0,1,0,0,0,0,0,0,0,0,0,0,0,0,1,0,0,0,0,0
-VI1WjVxYnA,2022-11-10,0.997423768043518,5795.0,TV5,145.0,2.0,parchur.png,Yeluri Sambasiva Rao,TDP,parchoor,1,0,0,0,0,0,0,0,0,0,0,0,0,0,0,0,0,0,0,0,0,0,0,0
XVO0cbcidks,2022-11-10,0.9738848805427552,19528.0,TV5,380.0,44.0,parchur.png,Yeluri Sambasiva Rao,TDP,parchoor,0,0,0,0,0,0,0,0,0,0,0,0,0,0,0,0,0,0,0,0,0,0,0,0
bLZKRCc2IcM,2022-11-11,-0.997994303703308,609.0,TV5,330.0,0.0,parchur.png,Yeluri Sambasiva Rao,TDP,parchoor,0,0,0,0,0,0,0,0,0,0,0,0,0,0,0,0,0,0,0,0,0,0,0,0
pVPTx7O_EGs,2022-11-11,0.9957364797592164,831.0,TV5,65.0,0.0,parchur.png,Yeluri Sambasiva Rao,TDP,parchoor,1,0,0,0,0,0,0,0,0,0,0,0,0,0,0,0,0,0,0,0,0,0,0,0
tOG0e3pvBYw,2022-11-12,-0.9986577033996582,811.0,TV5,157.0,1.0,parchur.png,Yeluri Sambasiva Rao,TDP,parchoor,0,0,0,0,1,0,0,0,0,0,0,0,0,0,0,0,0,0,0,0,0,0,0,0
a912r2_zcHY,2022-11-12,-0.9967789053916932,1629.0,ABN,410.0,3.0,parchur.png,Yeluri Sambasiva Rao,TDP,parchoor,0,0,0,0,0,0,0,0,0,0,0,0,0,0,0,0,0,0,0,0,0,0,0,0
7nqitmbRCWw,2022-11-14,0.9985219836235046,5791.0,TV5,210.0,11.0,parchur.png,Yeluri Sambasiva Rao,TDP,parchoor,0,0,0,0,0,0,0,0,0,0,0,0,0,0,0,0,0,0,0,0,0,0,0,0
mH2bzSDdPCc,2022-11-14,-0.7116895318031311,1449.0,ABN,280.0,4.0,parchur.png,Yeluri Sambasiva Rao,TDP,parchoor,0,0,0,0,0,0,0,0,0,0,0,0,0,0,0,0,0,0,0,0,0,0,0,0
YwhPL8yYXbk,2022-11-16,-0.9941664934158324,14404.0,ABN,300.0,44.0,parchur.png,Yeluri Sambasiva Rao,TDP,parchoor,0,0,0,0,0,1,0,0,0,0,0,0,0,0,0,0,0,0,1,0,0,0,0,0
_1Zy0NxkERc,2022-11-16,-0.994210124015808,3902.0,ABN,280.0,2.0,parchur.png,Yeluri Sambasiva Rao,TDP,parchoor,1,0,0,1,0,0,0,0,0,1,0,0,0,0,0,0,0,0,0,0,0,0,0,0
h1tMW0aZZNo,2022-11-17,0.9809830784797668,1247.0,ABN,137.0,2.0,parchur.png,Yeluri Sambasiva Rao,TDP,parchoor,0,0,0,0,0,0,0,0,0,1,0,0,0,0,0,0,0,0,0,0,0,0,0,0
64h8u_1wid4,2022-11-17,-0.9990532994270324,12405.0,Sakshi,346.0,42.0,parchur.png,Yeluri Sambasiva Rao,TDP,parchoor,0,0,0,0,0,1,0,0,0,1,0,0,0,0,0,0,0,1,1,0,0,0,0,0
ItC6qLDLG7A,2022-11-18,-0.997610569000244,593.0,ABN,66.0,0.0,parchur.png,Yeluri Sambasiva Rao,TDP,parchoor,0,1,1,0,0,0,0,0,0,1,0,0,0,0,0,0,0,0,0,0,0,0,0,0
vCtV2q9zm4Y,2022-11-18,0.9861515164375304,72543.0,Sakshi,336.0,99.0,parchur.png,Yeluri Sambasiva Rao,TDP,parchoor,0,0,1,0,0,1,0,0,0,0,0,0,0,0,0,0,0,0,1,0,0,0,0,0
CaleQGHZRWk,2022-11-19,0.9978373646736144,624.0,TV9,461.0,0.0,parchur.png,Yeluri Sambasiva Rao,TDP,parchoor,0,0,0,0,0,0,0,0,0,0,0,0,0,0,0,0,0,0,0,0,0,0,0,0
NDpm8Dm_ZIs,2022-11-19,0.8113964200019836,56681.0,TV5,415.0,56.0,parchur.png,Yeluri Sambasiva Rao,TDP,parchoor,0,1,0,0,0,1,0,0,0,0,0,0,0,0,0,0,0,0,0,0,0,0,0,0
jhMtv1mA2Gs,2022-11-21,-0.9981390237808228,100292.0,TV9,349.0,127.0,parchur.png,Yeluri Sambasiva Rao,TDP,parchoor,0,1,1,0,1,1,0,0,0,1,0,0,0,0,0,0,0,0,0,0,0,0,0,0
FXNudxPq3NE,2022-11-21,0.9874569773674012,1472.0,Sakshi,495.0,8.0,parchur.png,Yeluri Sambasiva Rao,TDP,parchoor,0,0,0,0,0,1,0,0,0,0,0,0,0,0,0,0,0,0,0,0,0,0,0,0
q8JKa6Cm_Qg,2022-11-21,-0.9931427240371704,2593.0,TV9,196.0,5.0,parchur.png,Yeluri Sambasiva Rao,TDP,parchoor,0,0,0,0,1,1,0,0,0,0,0,0,0,0,0,0,0,0,0,0,0,0,0,1
cd7hpke9w6Y,2022-11-22,-0.9982261061668396,3048.0,ABN,465.0,5.0,parchur.png,Yeluri Sambasiva Rao,TDP,parchoor,0,0,0,0,1,0,0,0,0,1,0,0,0,0,0,0,1,0,0,0,0,0,0,0
t_gr00FgDkY,2022-11-22,-0.9968881011009216,3667.0,TV9,217.0,5.0,parchur.png,Yeluri Sambasiva Rao,TDP,parchoor,0,0,0,0,1,0,0,0,0,0,0,0,0,0,0,0,0,0,0,0,0,0,0,0
kVx60Wyiats,2022-11-22,-0.9969616532325744,852.0,ABN,189.0,1.0,parchur.png,Yeluri Sambasiva Rao,TDP,parchoor,0,1,1,0,1,0,0,0,0,0,0,0,0,0,0,0,0,0,0,0,0,0,0,0
Bf52AyIaoLY,2022-11-23,-0.9937869310379028,7385.0,ABN,210.0,16.0,parchur.png,Yeluri Sambasiva Rao,TDP,parchoor,0,0,0,0,1,0,1,0,1,0,0,0,0,0,0,0,0,0,0,0,0,0,0,0
AxWI4-if84o,2022-11-23,-0.998094379901886,14689.0,ABN,190.0,31.0,parchur.png,Yeluri Sambasiva Rao,TDP,parchoor,0,1,1,0,1,0,1,0,1,0,0,0,0,0,0,0,0,0,0,0,0,0,0,0
3zc1DnED39w,2022-11-23,-0.9990617632865906,636.0,ABN,145.0,1.0,parchur.png,Yeluri Sambasiva Rao,TDP,parchoor,0,0,0,0,1,0,1,0,1,0,0,0,0,0,0,0,0,0,0,0,0,0,0,0
qhK9QU4vAQg,2022-11-23,-0.9978126287460328,6754.0,TV9,327.0,0.0,parchur.png,Yeluri Sambasiva Rao,TDP,parchoor,0,0,0,0,0,0,0,0,0,0,0,0,0,0,0,0,0,0,0,0,1,0,0,0
PHc2CRW-z-0,2022-11-23,-0.9971612691879272,28650.0,ABN,240.0,74.0,parchur.png,Yeluri Sambasiva Rao,TDP,parchoor,0,0,0,0,1,0,1,0,1,0,0,0,0,0,0,0,0,0,0,0,0,0,0,0
T8YVfcHQToM,2022-11-23,-0.9987620115280152,637.0,ABN,345.0,2.0,parchur.png,Yeluri Sambasiva Rao,TDP,parchoor,1,0,0,1,1,0,1,0,1,0,0,0,0,0,0,0,1,0,1,0,0,0,0,0
VVF5kVBMwAA,2022-11-23,0.9859727621078492,4524.0,TV9,529.0,5.0,parchur.png,Yeluri Sambasiva Rao,TDP,parchoor,0,0,0,0,0,0,0,0,0,0,0,0,0,0,0,0,0,0,0,0,0,0,0,0
b5fYlIasQgg,2022-11-23,-0.9994256496429444,999.0,ABN,190.0,2.0,parchur.png,Yeluri Sambasiva Rao,TDP,parchoor,0,1,1,0,1,0,1,0,1,0,0,0,0,0,0,0,0,0,0,0,0,0,0,0
oro2toCI398,2022-11-24,0.9945797920227052,1016.0,ABN,265.0,2.0,parchur.png,Yeluri Sambasiva Rao,TDP,parchoor,0,0,0,0,0,1,0,0,0,0,0,0,0,0,0,0,0,0,0,0,0,0,0,0
YuRoL4rn0io,2022-11-24,0.9927248954772948,2333.0,Sakshi,453.0,1.0,parchur.png,Yeluri Sambasiva Rao,TDP,parchoor,0,0,0,0,0,1,0,0,0,0,0,0,0,0,0,0,0,0,0,0,0,0,0,0
OIRym4c-_Bc,2022-11-27,-0.9971941709518432,2690.0,ABN,394.0,15.0,parchur.png,Yeluri Sambasiva Rao,TDP,parchoor,0,0,0,0,0,0,0,0,0,0,0,0,0,0,0,0,0,0,0,0,0,0,0,0
AGvAWLfdwj4,2022-11-28,-0.9815481901168824,2144.0,TV9,139.0,1.0,parchur.png,Yeluri Sambasiva Rao,TDP,parchoor,0,0,0,0,1,0,0,0,0,0,0,0,0,0,0,0,0,1,0,0,0,0,0,0
9Obaz4YbIyM,2022-11-29,-0.6240699291229248,1288.0,TV9,460.0,1.0,parchur.png,Yeluri Sambasiva Rao,TDP,parchoor,0,0,0,0,0,0,0,0,0,0,0,0,0,0,0,0,0,0,0,0,0,0,0,0
1KN7L38Rxts,2022-11-29,0.9971597194671632,1004.0,TV9,58.0,5.0,parchur.png,Yeluri Sambasiva Rao,TDP,parchoor,0,0,0,0,0,0,0,0,0,0,0,0,0,0,0,0,0,0,0,0,0,0,0,0
h4Me1pXjMhE,2022-11-29,0.9901477694511414,9092.0,Sakshi,398.0,27.0,parchur.png,Yeluri Sambasiva Rao,TDP,parchoor,0,0,0,0,0,0,0,0,0,0,0,0,0,0,0,0,0,0,0,0,0,0,0,0
ExgOdF6D_DA,2022-11-30,0.9963871240615844,14247.0,TV5,579.0,62.0,parchur.png,Yeluri Sambasiva Rao,TDP,parchoor,0,0,1,0,0,0,0,1,0,0,0,0,0,0,0,0,0,0,0,0,0,0,0,0
j87ETFjr_6c,2022-11-30,0.9921818971633912,6863.0,Sakshi,436.0,8.0,parchur.png,Yeluri Sambasiva Rao,TDP,parchoor,0,0,0,0,0,1,0,0,0,0,0,0,0,0,0,0,0,0,0,0,0,0,0,0
kCYzc1P79iI,2022-11-30,0.9953665733337402,1486.0,ABN,85.0,0.0,parchur.png,Yeluri Sambasiva Rao,TDP,parchoor,0,0,0,0,0,0,0,0,0,1,0,0,0,0,0,0,0,0,0,0,0,0,0,0
pvHOifCw79o,2022-12-01,-0.9984219074249268,22530.0,TV5,215.0,51.0,parchur.png,Yeluri Sambasiva Rao,TDP,parchoor,1,0,1,0,0,1,0,0,0,1,0,0,0,0,0,0,1,0,1,0,0,0,0,0
4YBD3TGgccE,2022-12-01,0.9986270666122437,1171.0,TV9,328.0,0.0,parchur.png,Yeluri Sambasiva Rao,TDP,parchoor,0,0,0,0,0,0,0,0,0,0,0,0,0,0,0,0,1,0,0,0,0,0,0,0
XDHpDWjPtfo,2022-12-03,-0.9892528653144836,1488.0,TV9,189.0,1.0,parchur.png,Yeluri Sambasiva Rao,TDP,parchoor,0,0,0,0,0,0,0,0,0,0,0,0,0,0,0,0,0,0,0,0,0,0,0,0
Ji3iu8rVYBk,2022-12-03,-0.9986972212791444,2023.0,TV9,314.0,1.0,parchur.png,Yeluri Sambasiva Rao,TDP,parchoor,0,0,0,0,0,0,0,0,0,0,0,0,0,0,0,0,0,0,0,0,0,0,0,0
NgUp8OPQw_U,2022-12-03,-0.9994377493858336,1078.0,TV9,453.0,2.0,parchur.png,Yeluri Sambasiva Rao,TDP,parchoor,0,0,0,0,0,0,0,0,0,0,0,0,0,0,0,0,0,0,0,0,0,0,0,0
avxpTCExZSY,2022-12-03,-0.9867162704467772,1422.0,TV9,262.0,7.0,parchur.png,Yeluri Sambasiva Rao,TDP,parchoor,0,0,1,0,0,0,0,0,0,0,0,0,0,0,0,0,0,0,0,0,0,0,0,0
2z_cDBm7CyU,2022-12-04,-0.996188461780548,3363.0,TV9,269.0,11.0,parchur.png,Yeluri Sambasiva Rao,TDP,parchoor,0,0,0,0,0,0,0,0,0,1,0,0,0,0,0,0,0,1,0,0,0,0,0,0
8zDlGTpA2Qw,2022-12-04,-0.9974104762077332,4988.0,TV5,390.0,18.0,parchur.png,Yeluri Sambasiva Rao,TDP,parchoor,0,0,0,0,0,0,0,0,0,0,0,0,0,0,0,0,0,0,0,0,0,0,0,0
EK7qJ9XzQ8U,2022-12-06,-0.994577169418335,1156.0,ABN,505.0,1.0,parchur.png,Yeluri Sambasiva Rao,TDP,parchoor,0,0,0,0,0,0,0,0,0,1,0,0,0,0,0,0,0,0,0,0,0,0,0,0
h6f5Kjlg9Ek,2022-12-06,0.9981566071510316,397.0,ABN,153.0,0.0,parchur.png,Yeluri Sambasiva Rao,TDP,parchoor,0,0,0,0,0,0,0,0,0,0,0,0,0,0,0,0,0,0,0,0,0,0,0,0
W_bB4xcy1LU,2022-12-06,0.9884757995605468,1661.0,Sakshi,441.0,4.0,parchur.png,Yeluri Sambasiva Rao,TDP,parchoor,0,0,1,0,0,1,0,0,0,0,0,0,0,0,0,0,0,0,0,0,0,0,0,0
ps9xjILbfq8,2022-12-07,0.9985503554344176,1473.0,TV9,239.0,0.0,parchur.png,Yeluri Sambasiva Rao,TDP,parchoor,0,0,0,1,0,0,0,0,0,0,0,0,0,0,0,0,0,0,0,0,0,0,0,0
c3uC430EtJA,2022-12-08,0.9913500547409058,3656.0,TV9,325.0,20.0,parchur.png,Yeluri Sambasiva Rao,TDP,parchoor,0,1,1,0,1,0,0,0,0,1,0,0,0,0,0,0,0,1,0,0,0,0,0,0
YMOfLpewDlo,2022-12-08,-0.9985272884368896,54940.0,TV9,467.0,54.0,parchur.png,Yeluri Sambasiva Rao,TDP,parchoor,0,0,0,0,0,0,0,0,0,1,0,0,0,0,0,0,0,0,0,0,0,0,0,0
U3O4HpQ8hHE,2022-12-08,-0.9967753291130066,16271.0,ABN,592.0,10.0,parchur.png,Yeluri Sambasiva Rao,TDP,parchoor,0,0,0,0,0,0,0,0,0,0,0,0,0,0,0,0,0,0,0,0,0,0,0,0
_eF7BMASHgc,2022-12-08,0.992215096950531,1339.0,ABN,473.0,1.0,parchur.png,Yeluri Sambasiva Rao,TDP,parchoor,0,0,0,1,0,0,0,0,0,0,1,0,0,0,1,0,1,0,1,0,0,0,0,0
E6nPNMgt3To,2022-12-09,-0.9975258708000184,1678.0,ABN,240.0,2.0,parchur.png,Yeluri Sambasiva Rao,TDP,parchoor,0,0,0,0,1,0,0,0,0,0,0,0,0,0,1,0,0,1,0,0,1,0,0,0
zhK50PsuNSc,2022-12-09,0.99602073431015,171363.0,TV9,228.0,24.0,parchur.png,Yeluri Sambasiva Rao,TDP,parchoor,0,0,0,0,0,0,0,0,0,0,0,0,0,0,0,0,0,0,0,0,0,0,0,0
Za_YpH4P4-0,2022-12-12,-0.9983626008033752,823.0,ABN,214.0,0.0,parchur.png,Yeluri Sambasiva Rao,TDP,parchoor,0,0,0,0,0,0,0,0,0,1,0,0,0,0,0,0,0,0,0,0,0,0,0,0
R9T0VT8iTHM,2022-12-12,0.9983862638473512,8821.0,Sakshi,487.0,209.0,parchur.png,Yeluri Sambasiva Rao,TDP,parchoor,0,0,0,0,0,1,1,0,0,0,0,1,0,0,0,0,0,0,0,0,0,0,0,0
_M-Xfc_jNe0,2022-12-12,0.9946014881134032,58393.0,TV9,102.0,43.0,parchur.png,Yeluri Sambasiva Rao,TDP,parchoor,0,0,0,0,0,0,0,0,0,1,0,0,0,0,0,0,0,1,0,0,0,0,0,0
ZOK_X-qKQJM,2022-12-12,-0.9935775995254515,2537.0,TV9,238.0,6.0,parchur.png,Yeluri Sambasiva Rao,TDP,parchoor,0,0,0,1,0,0,0,0,0,0,0,0,0,0,0,0,0,0,0,0,0,0,0,0
sBDX62W9lPQ,2022-12-13,-0.9890936613082886,655.0,TV9,93.0,0.0,parchur.png,Yeluri Sambasiva Rao,TDP,parchoor,0,0,0,0,0,0,0,0,0,0,0,0,0,0,0,0,0,0,0,0,0,0,0,0
iTKCwQvMWx8,2022-12-13,0.9915008544921876,1148.0,Sakshi,110.0,4.0,parchur.png,Yeluri Sambasiva Rao,TDP,parchoor,0,0,0,0,0,1,0,1,0,0,0,0,0,0,0,0,0,0,0,0,0,0,0,0
GxWsHUWfnEw,2022-12-13,-0.9938376545906068,3424.0,TV9,530.0,2.0,parchur.png,Yeluri Sambasiva Rao,TDP,parchoor,0,0,0,0,0,0,0,0,0,0,0,0,0,0,0,0,0,0,0,0,0,0,0,0
z9gy0rJ5HxA,2022-12-13,0.9856131672859192,4340.0,Sakshi,324.0,11.0,parchur.png,Yeluri Sambasiva Rao,TDP,parchoor,0,1,1,0,0,0,1,0,0,0,0,0,0,0,0,0,0,1,0,0,1,0,0,0
sn31OKiSA2M,2022-12-14,-0.993247389793396,17098.0,TV5,301.0,38.0,parchur.png,Yeluri Sambasiva Rao,TDP,parchoor,1,1,1,0,0,0,0,0,0,0,0,0,0,0,0,0,0,0,0,0,0,0,0,0
bs3WjbYFkFc,2022-12-15,-0.998427391052246,4400.0,TV5,379.0,0.0,parchur.png,Yeluri Sambasiva Rao,TDP,parchoor,0,0,0,0,0,0,0,0,0,1,0,0,0,0,0,0,0,0,0,0,0,0,0,0
XWXxM9yQDPs,2022-12-16,-0.9954013824462892,11401.0,TV5,185.0,15.0,parchur.png,Yeluri Sambasiva Rao,TDP,parchoor,0,0,0,0,1,0,0,0,1,0,0,0,0,0,0,0,0,0,0,0,0,0,0,0
bVLK8obf1FY,2022-12-16,-0.9952268600463868,5657.0,Sakshi,525.0,28.0,parchur.png,Yeluri Sambasiva Rao,TDP,parchoor,0,0,0,0,0,0,0,0,0,0,0,0,0,0,0,0,0,0,0,0,0,0,0,0
cRk07iSZm54,2022-12-17,-0.9971365928649902,59897.0,Sakshi,485.0,117.0,parchur.png,Yeluri Sambasiva Rao,TDP,parchoor,0,0,0,0,0,1,0,1,0,0,0,0,0,0,0,0,0,0,0,0,0,0,0,0
I8uHPTVadRo,2022-12-17,-0.9973124265670776,18574.0,Sakshi,577.0,58.0,parchur.png,Yeluri Sambasiva Rao,TDP,parchoor,0,0,0,0,0,1,0,1,0,0,0,0,0,0,0,0,0,0,0,0,0,0,0,0
vncQN1E2WyA,2022-12-19,-0.9916419982910156,25465.0,TV9,387.0,10.0,parchur.png,Yeluri Sambasiva Rao,TDP,parchoor,0,0,0,0,0,0,0,0,0,0,0,0,0,0,0,0,0,0,0,0,0,0,0,0
_iQgTF2be30,2022-12-19,0.9971160888671876,45502.0,TV5,500.0,66.0,parchur.png,Yeluri Sambasiva Rao,TDP,parchoor,0,0,0,0,0,0,0,0,0,0,0,0,0,0,0,0,0,0,0,0,0,0,0,0
YT3O_78g-lk,2022-12-19,0.9984460473060608,520.0,Sakshi,416.0,3.0,parchur.png,Yeluri Sambasiva Rao,TDP,parchoor,0,0,0,0,1,0,0,0,0,0,0,0,0,0,0,0,0,0,0,0,1,0,0,0
gw-E24nmJyc,2022-12-22,-0.996248185634613,4357.0,ABN,520.0,1.0,parchur.png,Yeluri Sambasiva Rao,TDP,parchoor,0,0,0,0,0,0,0,0,0,0,0,0,0,0,0,0,0,0,0,0,0,0,0,0
ezgL7p35UEI,2022-12-22,0.9966599941253662,932.0,Sakshi,234.0,2.0,parchur.png,Yeluri Sambasiva Rao,TDP,parchoor,1,0,0,0,1,1,0,0,0,0,0,0,0,0,0,0,0,0,0,0,0,0,0,0
t-ZCpJiAFp4,2022-12-27,-0.9932931661605836,7144.0,Sakshi,116.0,11.0,parchur.png,Yeluri Sambasiva Rao,TDP,parchoor,0,0,0,0,0,0,0,0,0,0,0,0,0,0,0,0,0,0,0,0,0,0,0,0
efVF80U94VM,2022-12-29,-0.9940184354782104,29830.0,Sakshi,550.0,150.0,parchur.png,Yeluri Sambasiva Rao,TDP,parchoor,0,0,0,0,0,0,1,0,0,0,0,0,1,0,0,0,0,0,0,0,0,0,0,0
UFArheLignU,2022-12-29,0.9979994893074036,384.0,TV9,167.0,0.0,parchur.png,Yeluri Sambasiva Rao,TDP,parchoor,0,0,0,1,0,0,0,0,0,0,0,0,0,0,0,0,0,0,0,0,0,0,0,0
vgV250bVkl4,2022-12-29,0.9980781078338624,4447.0,Sakshi,211.0,1.0,parchur.png,Yeluri Sambasiva Rao,TDP,parchoor,0,1,1,0,1,1,0,1,0,0,0,0,0,0,0,0,0,0,0,0,1,1,0,0
_BBz0_HKuNs,2022-12-29,-0.9977843165397644,1942.0,TV9,121.0,5.0,parchur.png,Yeluri Sambasiva Rao,TDP,parchoor,0,0,0,0,0,1,0,0,0,0,0,0,0,0,0,0,0,1,0,0,0,0,0,0
kWqlE0CsWuw,2022-12-29,-0.9977906942367554,7268.0,ABN,130.0,22.0,parchur.png,Yeluri Sambasiva Rao,TDP,parchoor,0,1,1,0,0,1,0,0,1,0,0,0,0,0,0,0,0,0,0,0,0,0,0,0
LETF6u6u9U8,2022-12-30,-0.9881635308265686,730.0,ABN,157.0,1.0,parchur.png,Yeluri Sambasiva Rao,TDP,parchoor,0,0,0,0,0,0,0,0,0,0,0,0,0,0,0,0,0,0,0,0,0,0,0,0
b2seDfYiBA0,2022-12-31,-0.996103048324585,920.0,TV9,265.0,1.0,parchur.png,Yeluri Sambasiva Rao,TDP,parchoor,0,0,0,0,0,1,0,0,0,1,0,0,0,1,0,0,0,0,0,0,0,0,0,0
nT-5h4RF-9M,2022-12-31,0.9973317384719848,1088.0,TV9,265.0,0.0,parchur.png,Yeluri Sambasiva Rao,TDP,parchoor,0,0,0,0,0,0,0,0,0,0,0,0,0,0,0,0,0,0,0,0,0,0,0,0
aB2_BlDkbvQ,2023-01-01,-0.99723082780838,2535.0,TV9,57.0,1.0,parchur.png,Yeluri Sambasiva Rao,TDP,parchoor,0,0,0,0,0,0,0,0,0,0,0,0,0,0,0,0,0,0,0,0,0,0,0,0
Ru4L3T9Siuo,2023-01-01,0.9673706889152528,2197.0,TV5,251.0,2.0,parchur.png,Yeluri Sambasiva Rao,TDP,parchoor,0,0,0,0,0,0,0,0,0,0,0,0,0,0,0,0,0,0,0,0,0,0,0,0
P7_arlAn8GQ,2023-01-02,-0.9981622099876404,1754.0,TV9,356.0,3.0,parchur.png,Yeluri Sambasiva Rao,TDP,parchoor,0,0,0,0,0,0,0,0,0,0,0,0,0,0,0,0,0,0,0,0,0,0,0,0
1LiWjoGGiHs,2023-01-02,0.9978606104850768,18099.0,TV9,52.0,5.0,parchur.png,Yeluri Sambasiva Rao,TDP,parchoor,0,0,0,0,0,1,0,0,0,0,0,0,0,0,0,0,0,0,0,0,0,0,0,0
S6NBvuXjTHY,2023-01-03,-0.9951381087303162,2527.0,TV9,555.0,4.0,parchur.png,Yeluri Sambasiva Rao,TDP,parchoor,0,0,0,0,0,0,0,0,0,0,0,0,0,0,0,0,0,0,0,0,0,0,0,0
PyIOqwsvnFA,2023-01-03,-0.9993684887886048,1631.0,TV9,300.0,4.0,parchur.png,Yeluri Sambasiva Rao,TDP,parchoor,1,1,1,1,0,1,0,0,0,1,0,0,0,0,0,0,0,1,0,0,0,0,0,0
WDhB5lSWfAk,2023-01-04,-0.9979315996170044,32630.0,ABN,420.0,18.0,parchur.png,Yeluri Sambasiva Rao,TDP,parchoor,0,0,0,0,0,0,0,0,0,0,0,0,0,0,0,0,0,0,0,0,0,0,0,0
vP-ZaDfose4,2023-01-05,-0.9945057034492492,4842.0,Sakshi,278.0,1.0,parchur.png,Yeluri Sambasiva Rao,TDP,parchoor,0,0,1,0,0,0,0,0,0,0,0,0,0,0,0,0,1,0,0,0,0,0,0,0
oXNnz6nLvHE,2023-01-05,0.99847012758255,8091.0,Sakshi,249.0,21.0,parchur.png,Yeluri Sambasiva Rao,TDP,parchoor,0,1,1,0,0,1,1,1,0,0,0,0,0,1,0,0,0,0,0,1,0,0,1,0
XXKxeewz7t4,2023-01-05,-0.9951752424240112,1096.0,ABN,109.0,2.0,parchur.png,Yeluri Sambasiva Rao,TDP,parchoor,0,0,0,0,0,0,0,0,0,0,0,0,0,0,0,0,0,0,0,0,0,0,0,0
szxZTcHw8ZU,2023-01-06,0.6079198122024536,800.0,TV9,303.0,2.0,parchur.png,Yeluri Sambasiva Rao,TDP,parchoor,0,0,1,1,0,1,0,0,0,0,0,0,1,0,0,0,0,1,0,0,0,0,1,0
WY97AfCA00w,2023-01-06,-0.9982295632362366,1166.0,TV9,304.0,3.0,parchur.png,Yeluri Sambasiva Rao,TDP,parchoor,1,1,1,1,1,1,0,0,0,0,0,0,1,1,1,0,0,1,0,0,0,0,0,0
Wvqgoe8oEh0,2023-01-07,-0.997976005077362,3052.0,TV9,199.0,0.0,parchur.png,Yeluri Sambasiva Rao,TDP,parchoor,1,0,0,1,0,0,0,0,0,0,0,0,0,0,0,0,0,0,0,0,0,0,0,0
BcYbZ4CTAKQ,2023-01-07,-0.9908875226974488,1452.0,ABN,213.0,1.0,parchur.png,Yeluri Sambasiva Rao,TDP,parchoor,0,0,0,0,0,0,0,0,0,0,0,0,0,0,0,0,0,0,0,0,0,0,0,0
pVZ0-hEtADM,2023-01-08,-0.9943488240242004,152332.0,TV9,396.0,83.0,parchur.png,Yeluri Sambasiva Rao,TDP,parchoor,0,0,0,0,0,0,0,0,0,0,0,0,0,0,0,0,0,0,0,0,0,0,0,0
x3BJxMVauWs,2023-01-09,-0.9993113279342652,2195.0,TV9,188.0,1.0,parchur.png,Yeluri Sambasiva Rao,TDP,parchoor,0,0,0,0,0,0,0,0,0,0,0,0,0,0,0,0,0,0,0,0,0,0,0,0
ROTjHOWZPTU,2023-01-09,0.9861504435539246,6127.0,TV5,165.0,7.0,parchur.png,Yeluri Sambasiva Rao,TDP,parchoor,0,0,0,0,0,1,1,0,0,0,0,0,0,0,0,0,0,0,0,0,1,0,0,0
eTk1Y74Ps5s,2023-01-09,-0.9885299801826476,20339.0,TV9,238.0,1.0,parchur.png,Yeluri Sambasiva Rao,TDP,parchoor,0,0,0,1,0,1,0,0,0,0,0,0,0,0,0,1,0,1,0,0,0,1,0,0
rM2rOWFY1Ag,2023-01-09,-0.9965193271636964,777.0,TV9,61.0,0.0,parchur.png,Yeluri Sambasiva Rao,TDP,parchoor,1,1,0,0,0,0,0,0,0,0,0,0,0,0,0,0,0,0,0,0,0,0,0,0
O4oI1iYTe2A,2023-01-09,0.9775920510292052,1365.0,TV9,139.0,0.0,parchur.png,Yeluri Sambasiva Rao,TDP,parchoor,0,0,0,0,0,0,0,0,0,1,0,0,0,0,0,0,0,0,0,0,0,0,0,0
oAfz96FW4R4,2023-01-10,0.998760223388672,3378.0,TV9,306.0,11.0,parchur.png,Yeluri Sambasiva Rao,TDP,parchoor,0,0,0,1,1,1,0,0,0,0,0,0,0,0,1,0,0,0,0,0,1,0,0,0
MQdRdmdLV0c,2023-01-10,-0.9909355044364928,25082.0,TV9,395.0,22.0,parchur.png,Yeluri Sambasiva Rao,TDP,parchoor,0,0,0,0,0,0,0,0,0,0,0,0,0,0,0,0,0,0,0,0,0,0,0,0
O4tkTYZ9RiI,2023-01-10,-0.9978402853012084,3146.0,TV9,323.0,1.0,parchur.png,Yeluri Sambasiva Rao,TDP,parchoor,1,0,0,0,0,0,0,0,0,0,0,0,0,0,0,0,0,0,0,0,0,0,0,0
N5LZ41rxGIk,2023-01-10,-0.9988536834716796,11070.0,TV9,188.0,6.0,parchur.png,Yeluri Sambasiva Rao,TDP,parchoor,0,0,0,0,0,0,0,0,0,0,0,0,0,0,0,0,0,0,0,0,0,0,0,0
JKQ2NDPmgZ0,2023-01-10,0.9985210299491882,625.0,TV9,85.0,0.0,parchur.png,Yeluri Sambasiva Rao,TDP,parchoor,0,0,0,0,0,0,0,0,0,0,0,0,0,0,0,0,0,0,0,0,0,0,0,0
wYQdyCz461U,2023-01-10,0.9984678626060486,4045.0,Sakshi,215.0,9.0,parchur.png,Yeluri Sambasiva Rao,TDP,parchoor,1,1,1,1,0,1,1,0,0,0,0,0,0,0,1,0,0,0,1,0,1,0,0,0
xu5gKZ5QQyw,2023-01-10,-0.9969358444213868,10773.0,TV9,161.0,2.0,parchur.png,Yeluri Sambasiva Rao,TDP,parchoor,0,1,1,0,0,0,0,0,0,0,0,0,0,0,0,0,0,0,1,0,0,0,1,0
PQ7-1nEMF2Q,2023-01-11,0.9983342289924622,1413.0,Sakshi,284.0,2.0,parchur.png,Yeluri Sambasiva Rao,TDP,parchoor,1,1,1,1,1,0,0,0,0,0,1,0,1,0,0,0,1,0,1,0,0,0,0,1
C3rsL8gFWQ4,2023-01-11,-0.993191659450531,1526.0,TV9,300.0,1.0,parchur.png,Yeluri Sambasiva Rao,TDP,parchoor,0,0,0,0,0,0,0,0,0,1,0,0,0,0,0,0,0,0,0,0,0,0,0,0
yf2mU2POu6M,2023-01-12,-0.9977768063545228,3214.0,TV5,345.0,7.0,parchur.png,Yeluri Sambasiva Rao,TDP,parchoor,0,0,0,0,0,0,0,0,0,0,0,0,0,0,0,0,0,0,0,0,0,0,0,0
tpgGE6-N3UE,2023-01-12,0.996988832950592,14339.0,TV9,564.0,11.0,parchur.png,Yeluri Sambasiva Rao,TDP,parchoor,0,0,0,0,0,0,0,0,0,0,0,0,0,0,0,0,0,0,0,0,0,0,0,0
J8I1nTAG0m8,2023-01-12,-0.9841869473457336,936.0,ABN,234.0,0.0,parchur.png,Yeluri Sambasiva Rao,TDP,parchoor,1,0,0,0,0,0,1,0,0,0,0,0,0,0,0,0,0,0,0,0,0,0,0,0
eOsAZmuqbVo,2023-01-12,0.998357117176056,972.0,TV9,146.0,2.0,parchur.png,Yeluri Sambasiva Rao,TDP,parchoor,0,0,0,0,0,0,0,0,0,0,0,0,0,0,0,0,0,0,0,0,0,0,0,0
ZqDyNxbOo1Y,2023-01-13,0.9983589053153992,455.0,ABN,264.0,0.0,parchur.png,Yeluri Sambasiva Rao,TDP,parchoor,0,0,0,1,0,0,0,0,0,0,0,0,0,0,0,0,0,0,0,0,1,0,0,0
R45WqJO6Zfk,2023-01-13,-0.9979314804077148,71514.0,Sakshi,554.0,597.0,parchur.png,Yeluri Sambasiva Rao,TDP,parchoor,0,0,0,0,0,1,1,0,0,0,0,0,0,0,0,0,0,0,0,0,0,0,0,0
HLWBpTbjXSU,2023-01-14,0.998773157596588,2343.0,TV9,284.0,0.0,parchur.png,Yeluri Sambasiva Rao,TDP,parchoor,0,0,0,0,0,0,0,0,0,0,0,0,0,0,0,0,0,0,0,0,0,0,0,0
URHIACBZ8AE,2023-01-14,0.9985070824623108,1617.0,TV9,65.0,1.0,parchur.png,Yeluri Sambasiva Rao,TDP,parchoor,0,0,1,0,1,0,1,0,0,0,0,0,0,0,0,0,0,0,0,0,1,0,0,0
cwT1cUam0fE,2023-01-16,-0.9964834451675416,1549.0,TV9,296.0,0.0,parchur.png,Yeluri Sambasiva Rao,TDP,parchoor,0,0,0,0,0,0,0,0,0,0,0,0,0,0,0,0,0,0,0,0,0,0,0,0
mI3ztikudQo,2023-01-17,0.9985722303390504,892.0,ABN,328.0,0.0,parchur.png,Yeluri Sambasiva Rao,TDP,parchoor,0,0,0,1,0,0,0,0,0,0,0,0,0,0,0,0,0,0,0,0,1,0,0,0
tc1cDLn81ko,2023-01-17,0.9888877272605896,18796.0,Sakshi,272.0,47.0,parchur.png,Yeluri Sambasiva Rao,TDP,parchoor,0,1,0,1,0,0,0,0,0,0,0,0,0,0,0,0,0,0,0,0,0,0,0,0
4Szqui1f3Bg,2023-01-19,-0.997614860534668,2142.0,ABN,278.0,6.0,parchur.png,Yeluri Sambasiva Rao,TDP,parchoor,1,0,0,0,1,0,0,0,0,1,0,0,0,0,0,0,1,0,0,0,0,0,0,0
G5EBtJ7Pz08,2023-01-19,0.994904398918152,1432.0,Sakshi,546.0,7.0,parchur.png,Yeluri Sambasiva Rao,TDP,parchoor,0,0,0,0,0,0,0,0,0,1,0,0,0,0,0,0,0,1,0,0,0,0,0,0
7VXtvmmxKxE,2023-01-20,0.9940956830978394,3010.0,TV9,328.0,5.0,parchur.png,Yeluri Sambasiva Rao,TDP,parchoor,0,0,0,0,0,0,0,0,0,0,0,0,0,0,0,0,0,0,0,0,0,0,0,0
fEe4bHnqXhc,2023-01-20,0.9963796734809875,861.0,Sakshi,237.0,0.0,parchur.png,Yeluri Sambasiva Rao,TDP,parchoor,0,1,1,1,1,0,0,0,0,1,1,0,0,0,0,0,0,0,1,0,0,0,0,0
hToIqveO5pY,2023-01-20,-0.998744249343872,3579.0,TV5,570.0,4.0,parchur.png,Yeluri Sambasiva Rao,TDP,parchoor,0,0,0,0,1,0,0,0,0,1,0,0,0,0,0,0,1,0,0,0,0,0,0,0
R6gXGKOdquE,2023-01-20,0.9950891137123108,242014.0,TV9,227.0,149.0,parchur.png,Yeluri Sambasiva Rao,TDP,parchoor,0,0,0,0,0,0,0,0,0,0,0,0,0,0,0,0,0,0,0,0,0,0,0,0
bF1pU8N1pzU,2023-01-20,0.998381733894348,3281.0,Sakshi,283.0,10.0,parchur.png,Yeluri Sambasiva Rao,TDP,parchoor,0,0,1,1,1,0,0,0,0,1,1,0,0,0,0,0,0,0,0,0,1,0,0,0
tMMlokl3g6U,2023-01-21,0.9661694765090942,2608.0,TV9,241.0,5.0,parchur.png,Yeluri Sambasiva Rao,TDP,parchoor,0,0,0,0,0,0,0,0,0,0,0,0,0,0,1,0,0,0,0,0,1,0,0,0
oh8oYdMcrYY,2023-01-23,-0.9979666471481324,7617.0,ABN,215.0,8.0,parchur.png,Yeluri Sambasiva Rao,TDP,parchoor,0,0,0,0,0,0,0,0,0,1,0,0,0,0,0,0,1,0,0,0,0,0,0,0
ATnw8TXnTRQ,2023-01-23,-0.9885516166687012,1485.0,TV9,413.0,0.0,parchur.png,Yeluri Sambasiva Rao,TDP,parchoor,0,0,0,0,0,0,0,0,0,0,0,0,0,0,0,0,0,0,0,0,0,0,0,0
Afihre39NVw,2023-01-23,-0.9938228130340576,5247.0,TV9,473.0,2.0,parchur.png,Yeluri Sambasiva Rao,TDP,parchoor,0,0,0,0,0,0,0,1,0,0,1,0,0,0,0,0,0,0,0,0,0,0,0,0
NRS0cYBFWDY,2023-01-24,-0.996135115623474,1987.0,TV9,320.0,7.0,parchur.png,Yeluri Sambasiva Rao,TDP,parchoor,0,0,0,0,0,0,0,0,0,0,0,0,0,0,0,0,0,0,0,0,0,0,0,0
34AptEPzQgw,2023-01-24,0.9946093559265136,1226.0,TV9,193.0,0.0,parchur.png,Yeluri Sambasiva Rao,TDP,parchoor,0,0,0,0,0,0,0,0,0,1,0,0,0,0,0,0,0,0,0,0,0,0,0,0
H7cKvmWpC8s,2023-01-25,-0.9983697533607484,764.0,TV9,287.0,8.0,parchur.png,Yeluri Sambasiva Rao,TDP,parchoor,0,0,0,0,0,0,0,0,0,0,0,0,0,0,0,0,0,0,0,0,0,0,0,0
FPY644yztwU,2023-01-25,-0.9982872605323792,639.0,ABN,325.0,1.0,parchur.png,Yeluri Sambasiva Rao,TDP,parchoor,1,1,1,0,1,0,1,0,0,1,1,0,1,0,1,0,0,0,0,0,1,0,0,0
w2gs-XtpLFI,2023-01-25,-0.9933918118476868,913.0,TV9,321.0,3.0,parchur.png,Yeluri Sambasiva Rao,TDP,parchoor,0,0,0,0,0,0,0,0,0,0,0,0,0,0,0,0,0,0,0,0,0,0,0,0
Ha4vhfP9bkY,2023-01-25,-0.9982985854148864,2947.0,TV9,321.0,8.0,parchur.png,Yeluri Sambasiva Rao,TDP,parchoor,0,0,0,0,0,0,0,0,0,0,0,0,0,0,0,0,0,0,0,0,0,0,0,0
25eyhCA0n64,2023-01-25,0.9981574416160583,487.0,TV9,488.0,0.0,parchur.png,Yeluri Sambasiva Rao,TDP,parchoor,0,0,0,0,1,0,0,0,0,1,0,0,0,0,0,0,0,0,0,0,0,0,0,0
qlvnWfA8gBk,2023-01-25,-0.9954156875610352,815.0,TV9,292.0,3.0,parchur.png,Yeluri Sambasiva Rao,TDP,parchoor,0,0,0,0,0,0,0,0,0,0,0,0,0,0,0,0,0,0,0,0,0,0,0,0
AtzsuwmQ4W0,2023-01-26,0.9965522289276124,2673.0,ABN,260.0,4.0,parchur.png,Yeluri Sambasiva Rao,TDP,parchoor,1,0,0,1,0,1,0,0,0,1,0,0,0,1,0,0,1,0,0,0,1,0,0,0
F4LZ7fGaTHM,2023-01-26,-0.9865342378616332,85984.0,TV5,197.0,84.0,parchur.png,Yeluri Sambasiva Rao,TDP,parchoor,1,0,0,0,0,0,0,0,0,0,0,0,0,0,0,0,0,0,0,0,1,0,0,0
R6SCkCOroNo,2023-01-26,0.993647038936615,1057.0,Sakshi,152.0,1.0,parchur.png,Yeluri Sambasiva Rao,TDP,parchoor,0,0,0,0,1,0,0,0,0,1,0,0,0,0,0,0,0,0,0,0,1,0,0,0
iCB_U7QMDTU,2023-01-26,0.9944376945495604,8532.0,Sakshi,502.0,21.0,parchur.png,Yeluri Sambasiva Rao,TDP,parchoor,0,0,0,0,1,1,1,1,0,0,0,0,0,0,0,0,0,0,0,0,0,0,0,0
6qJtpczL4Rg,2023-01-27,-0.9994070529937744,1534.0,ABN,465.0,4.0,parchur.png,Yeluri Sambasiva Rao,TDP,parchoor,0,0,0,0,0,0,0,0,0,1,0,0,0,0,0,0,0,0,0,0,0,0,0,0
Zpz5EcJmn7E,2023-01-28,-0.99750417470932,1059.0,ABN,206.0,1.0,parchur.png,Yeluri Sambasiva Rao,TDP,parchoor,1,0,0,0,0,0,0,0,0,0,0,0,0,0,0,0,0,0,0,0,0,0,0,0
qTcPBdU-a4Q,2023-01-28,-0.989268124103546,1213.0,ABN,289.0,0.0,parchur.png,Yeluri Sambasiva Rao,TDP,parchoor,0,0,0,0,0,0,0,0,0,1,0,0,0,0,0,0,0,0,0,0,1,0,0,0
h8olF20laWo,2023-01-29,-0.9905338287353516,483881.0,TV5,269.0,127.0,parchur.png,Yeluri Sambasiva Rao,TDP,parchoor,0,0,0,0,0,0,0,0,0,0,0,0,0,0,0,0,0,0,0,0,0,0,0,0
sFhQ35_sUtQ,2023-01-30,-0.9979110360145568,13612.0,ABN,365.0,18.0,parchur.png,Yeluri Sambasiva Rao,TDP,parchoor,0,0,0,1,0,0,0,0,0,1,0,0,0,0,0,0,1,0,0,0,0,0,0,1
5gzM96W8dUA,2023-01-30,-0.9982240796089172,1408.0,TV9,324.0,2.0,parchur.png,Yeluri Sambasiva Rao,TDP,parchoor,0,0,0,0,0,0,0,0,0,0,0,0,0,0,0,0,0,0,1,0,0,0,0,0
X5Uvz1CGt9M,2023-01-30,-0.9943990111351012,58633.0,ABN,310.0,81.0,parchur.png,Yeluri Sambasiva Rao,TDP,parchoor,1,1,1,0,0,0,0,0,0,0,1,0,1,0,1,0,0,0,0,0,0,0,0,0
7-CsXxdW9dE,2023-01-30,-0.9984099864959716,1825.0,TV9,228.0,0.0,parchur.png,Yeluri Sambasiva Rao,TDP,parchoor,0,0,0,0,0,0,0,0,0,1,0,0,0,0,0,0,0,0,0,0,0,0,0,0
Y1gNTNjFkjc,2023-01-31,0.9890011548995972,52466.0,TV9,288.0,51.0,parchur.png,Yeluri Sambasiva Rao,TDP,parchoor,0,0,0,0,0,0,0,0,0,1,0,0,0,0,0,0,0,0,0,0,0,0,0,0
sD8_y68T5tY,2023-02-01,-0.983382523059845,32635.0,ABN,373.0,9.0,parchur.png,Yeluri Sambasiva Rao,TDP,parchoor,0,0,0,0,0,0,0,0,0,1,0,0,0,0,0,0,0,0,0,0,0,0,0,0
POHM6fr5s8Y,2023-02-01,-0.9973878264427184,357.0,TV5,160.0,1.0,parchur.png,Yeluri Sambasiva Rao,TDP,parchoor,0,0,0,0,0,1,0,0,0,0,0,0,0,0,0,0,0,0,0,0,0,0,0,0
WgQTrwBKYzc,2023-02-01,-0.995492696762085,547.0,TV5,265.0,0.0,parchur.png,Yeluri Sambasiva Rao,TDP,parchoor,0,0,0,0,0,0,0,0,0,0,0,0,0,0,0,0,0,0,0,0,0,0,0,0
Rd3QyEAvMcE,2023-02-01,-0.99853777885437,3230.0,TV9,252.0,5.0,parchur.png,Yeluri Sambasiva Rao,TDP,parchoor,0,0,0,0,0,0,0,0,0,0,0,0,0,0,0,0,0,1,0,0,0,0,0,0
U1mPKhIHjJk,2023-02-01,-0.9989338517189026,18778.0,ABN,362.0,25.0,parchur.png,Yeluri Sambasiva Rao,TDP,parchoor,1,0,0,1,0,0,0,0,0,0,0,0,0,0,0,0,0,0,1,0,0,0,0,0
YrC3hYKVT3g,2023-02-02,0.9981427192687988,798.0,ABN,406.0,0.0,parchur.png,Yeluri Sambasiva Rao,TDP,parchoor,0,0,0,0,0,0,0,0,0,0,0,0,0,0,0,0,0,0,0,0,0,0,0,0
mHz2fETYUjQ,2023-02-02,-0.9986312985420228,3406.0,Sakshi,327.0,6.0,parchur.png,Yeluri Sambasiva Rao,TDP,parchoor,0,1,1,1,1,0,0,0,0,0,0,0,0,0,0,0,0,1,0,0,0,0,0,0
Y6UqOVUp3J8,2023-02-02,-0.9972713589668274,14057.0,TV9,229.0,22.0,parchur.png,Yeluri Sambasiva Rao,TDP,parchoor,0,0,0,0,0,0,0,0,0,0,0,0,0,0,0,0,0,0,0,0,0,0,0,0
VwzcouVCyvY,2023-02-03,0.9939693212509156,9291.0,TV9,317.0,21.0,parchur.png,Yeluri Sambasiva Rao,TDP,parchoor,0,0,0,0,0,0,0,0,0,0,0,0,0,0,0,0,0,0,0,0,0,0,0,0
0N8Q32t7WZk,2023-02-03,-0.9909352660179138,777.0,TV5,305.0,1.0,parchur.png,Yeluri Sambasiva Rao,TDP,parchoor,0,0,0,0,0,0,0,0,0,0,0,0,0,0,0,0,0,0,0,0,0,0,0,0
KmY08yAdMkM,2023-02-03,0.9975021481513976,5255.0,TV9,290.0,7.0,parchur.png,Yeluri Sambasiva Rao,TDP,parchoor,0,0,0,0,0,0,0,0,0,0,0,0,0,0,0,0,0,0,0,0,0,0,0,0
vQZ4wCKY78Y,2023-02-03,0.997149646282196,3531.0,TV9,140.0,1.0,parchur.png,Yeluri Sambasiva Rao,TDP,parchoor,0,0,0,0,0,0,1,0,0,0,0,0,0,0,0,0,0,0,0,0,0,0,0,0
d75poYmaOAU,2023-02-03,0.996727466583252,2676.0,TV9,302.0,4.0,parchur.png,Yeluri Sambasiva Rao,TDP,parchoor,0,0,0,0,0,0,0,0,0,0,0,0,0,0,0,0,0,0,0,0,0,0,0,0
d1EvgpiHhTs,2023-02-03,-0.9871103763580322,34037.0,TV9,253.0,34.0,parchur.png,Yeluri Sambasiva Rao,TDP,parchoor,1,1,1,1,0,0,1,0,0,0,0,0,0,0,1,0,0,0,0,0,1,0,1,1
-YaFBqiUa0M,2023-02-06,0.9896802306175232,777.0,TV5,123.0,0.0,parchur.png,Yeluri Sambasiva Rao,TDP,parchoor,0,0,0,0,0,0,0,0,0,0,0,0,0,0,0,0,0,0,0,0,0,0,0,0
JtLSLU8YBU8,2023-02-06,-0.9970567226409912,1060.0,TV9,175.0,0.0,parchur.png,Yeluri Sambasiva Rao,TDP,parchoor,0,0,0,0,0,0,0,0,0,0,0,0,0,0,0,0,0,0,0,0,0,0,0,0
1skGyeWyE1A,2023-02-06,0.9979345798492432,1325.0,TV9,436.0,0.0,parchur.png,Yeluri Sambasiva Rao,TDP,parchoor,0,0,0,0,0,0,0,0,0,0,0,0,0,0,0,0,0,0,0,0,0,0,0,0
1y8XyG3XdO0,2023-02-07,-0.9971511960029602,1960.0,ABN,202.0,0.0,parchur.png,Yeluri Sambasiva Rao,TDP,parchoor,0,0,0,0,0,0,0,0,0,0,0,0,0,0,0,0,0,0,0,0,0,0,0,0
iXoTxnTiS7U,2023-02-07,-0.9986910223960876,1506.0,ABN,230.0,2.0,parchur.png,Yeluri Sambasiva Rao,TDP,parchoor,0,0,0,0,0,0,0,0,0,0,0,1,0,0,0,0,0,0,0,0,0,0,0,0
3SmmRP0hOw8,2023-02-08,-0.997525990009308,8002.0,Sakshi,201.0,116.0,parchur.png,Yeluri Sambasiva Rao,TDP,parchoor,0,0,0,0,1,0,1,1,0,0,0,0,0,0,1,0,0,0,0,0,0,0,0,0
VcWjguqEV1E,2023-02-08,0.9889422655105592,1131.0,TV9,117.0,1.0,parchur.png,Yeluri Sambasiva Rao,TDP,parchoor,0,0,0,1,0,0,0,0,0,0,0,0,0,0,0,0,0,0,0,0,0,0,0,0
AwTNAac8wK8,2023-02-08,-0.9972653388977052,1155.0,TV9,482.0,0.0,parchur.png,Yeluri Sambasiva Rao,TDP,parchoor,0,0,0,0,0,0,0,0,0,0,0,0,0,0,0,0,0,0,0,0,0,0,0,0
MUlR2sKFOxc,2023-02-08,0.9985664486885072,105058.0,Sakshi,124.0,147.0,parchur.png,Yeluri Sambasiva Rao,TDP,parchoor,0,0,1,0,0,1,0,1,0,0,0,0,0,0,0,0,0,0,0,0,0,1,0,0
zP1_MIEr25w,2023-02-09,0.9938696622848512,665.0,TV9,502.0,0.0,parchur.png,Yeluri Sambasiva Rao,TDP,parchoor,0,0,0,0,0,0,0,0,0,0,0,0,0,0,0,0,0,0,0,0,0,0,0,0
JC3PkWnAjpY,2023-02-09,-0.9991387128829956,1198.0,TV9,263.0,14.0,parchur.png,Yeluri Sambasiva Rao,TDP,parchoor,0,0,0,0,0,1,0,0,0,0,0,0,0,0,0,0,0,1,0,0,0,0,0,0
b1JybErB1oM,2023-02-10,0.9950016140937804,13012.0,Sakshi,574.0,29.0,parchur.png,Yeluri Sambasiva Rao,TDP,parchoor,0,0,1,0,0,1,0,1,0,0,1,0,0,0,0,0,0,0,0,0,0,0,0,0
ach97IMIruI,2023-02-11,0.9985652565956116,4769.0,ABN,368.0,12.0,parchur.png,Yeluri Sambasiva Rao,TDP,parchoor,1,0,0,0,0,0,0,0,0,0,0,1,0,0,0,0,1,0,0,0,1,0,0,1
nO29-7NTL_Q,2023-02-11,-0.9985507130622864,506.0,Sakshi,91.0,0.0,parchur.png,Yeluri Sambasiva Rao,TDP,parchoor,0,0,0,1,0,1,0,0,0,0,0,0,0,0,0,0,0,0,0,0,0,0,0,0
II1WrUHfATg,2023-02-11,0.9953025579452516,33381.0,TV5,380.0,50.0,parchur.png,Yeluri Sambasiva Rao,TDP,parchoor,0,0,0,0,0,0,0,0,0,0,0,0,0,0,0,0,0,0,0,0,0,0,0,0
uYkfn59b8oQ,2023-02-13,0.9986741542816162,6146.0,Sakshi,469.0,29.0,parchur.png,Yeluri Sambasiva Rao,TDP,parchoor,0,0,0,0,1,0,0,0,0,0,0,0,0,0,0,0,0,0,0,0,0,0,0,0
tmCaiXZs0wU,2023-02-13,-0.9994366765022278,912.0,Sakshi,218.0,6.0,parchur.png,Yeluri Sambasiva Rao,TDP,parchoor,0,1,1,0,0,1,0,1,0,0,1,0,0,0,0,0,0,0,0,0,0,0,0,0
HlWdqaT1vMQ,2023-02-13,-0.9987179040908812,6732.0,Sakshi,138.0,20.0,parchur.png,Yeluri Sambasiva Rao,TDP,parchoor,0,1,1,0,0,1,0,1,0,0,1,0,0,0,0,0,0,0,0,0,0,0,0,1
qC0OgVtHtOs,2023-02-13,-0.9949990510940552,8442.0,Sakshi,398.0,10.0,parchur.png,Yeluri Sambasiva Rao,TDP,parchoor,0,0,0,0,0,1,0,1,0,1,0,0,0,0,0,0,0,0,0,0,0,0,0,0
1iyio5cq-0o,2023-02-15,0.9810097217559814,5082.0,ABN,232.0,14.0,parchur.png,Yeluri Sambasiva Rao,TDP,parchoor,0,0,0,0,0,0,0,0,0,0,0,1,0,0,0,0,0,1,1,0,0,0,0,1
n2_bih7dJs0,2023-02-15,-0.9911275506019592,938.0,TV9,545.0,5.0,parchur.png,Yeluri Sambasiva Rao,TDP,parchoor,0,0,0,0,0,0,0,1,0,0,1,0,0,0,0,0,0,0,0,0,0,0,0,0
lc-DzYIgCHo,2023-02-15,0.9986261129379272,1705.0,TV9,309.0,5.0,parchur.png,Yeluri Sambasiva Rao,TDP,parchoor,0,0,0,0,1,0,0,0,0,0,0,0,0,0,0,0,0,0,0,0,0,0,0,0
4q-PYspXXaA,2023-02-16,0.9966168999671936,17446.0,ABN,383.0,6.0,parchur.png,Yeluri Sambasiva Rao,TDP,parchoor,0,0,0,0,0,0,0,0,0,0,0,0,0,0,0,0,0,0,0,0,0,0,0,0
UJ65rYWaPpo,2023-02-16,-0.9974347949028016,947.0,TV9,321.0,4.0,parchur.png,Yeluri Sambasiva Rao,TDP,parchoor,0,0,0,0,0,1,0,0,0,1,0,0,0,0,0,0,0,0,0,0,0,0,0,0
vovZs7ltfeM,2023-02-16,0.9940586090087892,882.0,ABN,395.0,3.0,parchur.png,Yeluri Sambasiva Rao,TDP,parchoor,0,0,0,0,0,1,0,0,0,0,0,0,0,0,0,0,0,0,0,0,0,0,0,0
1Poocnr3ELk,2023-02-16,0.9833430051803588,15239.0,ABN,449.0,21.0,parchur.png,Yeluri Sambasiva Rao,TDP,parchoor,0,0,0,0,0,0,0,0,0,0,0,0,0,0,0,0,0,0,0,0,0,0,0,0
VXs8WaTUfE8,2023-02-17,-0.9989044666290284,887.0,ABN,220.0,0.0,parchur.png,Yeluri Sambasiva Rao,TDP,parchoor,0,0,0,0,0,1,0,0,0,0,0,0,0,0,0,0,0,0,0,0,0,0,0,0
IB8I2GH_7k4,2023-02-17,-0.9971043467521667,457.0,ABN,354.0,0.0,parchur.png,Yeluri Sambasiva Rao,TDP,parchoor,0,0,0,0,0,0,0,0,0,0,0,0,0,0,0,0,0,0,0,0,0,0,0,0
3h5Ok3ZjTjg,2023-02-17,-0.9861739873886108,670.0,ABN,312.0,0.0,parchur.png,Yeluri Sambasiva Rao,TDP,parchoor,1,0,0,1,0,1,0,0,0,0,0,0,0,0,0,0,0,0,0,0,0,0,0,0
2hApWFCrwrU,2023-02-17,-0.9969496130943298,888.0,ABN,331.0,0.0,parchur.png,Yeluri Sambasiva Rao,TDP,parchoor,0,1,1,1,0,1,0,0,0,0,0,0,0,0,0,0,1,0,0,0,0,0,0,0
tG7Q1QhSIlg,2023-02-17,0.9981330037117004,2410.0,TV9,410.0,18.0,parchur.png,Yeluri Sambasiva Rao,TDP,parchoor,0,0,0,0,0,1,0,0,0,0,0,0,0,0,0,0,0,0,0,0,0,0,0,0
ISKMBQyemzE,2023-02-17,-0.9943420886993408,657.0,ABN,250.0,2.0,parchur.png,Yeluri Sambasiva Rao,TDP,parchoor,1,0,0,1,0,1,0,0,0,0,0,0,0,0,0,0,0,0,0,0,0,0,0,0
_3T6-wmyup4,2023-02-17,0.9955471754074096,1802.0,ABN,243.0,3.0,parchur.png,Yeluri Sambasiva Rao,TDP,parchoor,0,0,0,0,0,1,0,0,0,0,0,0,0,0,0,0,0,0,0,0,0,0,0,0
r2j5QSbX-FA,2023-02-17,-0.9981274008750916,315.0,ABN,372.0,0.0,parchur.png,Yeluri Sambasiva Rao,TDP,parchoor,0,0,0,0,0,0,0,0,0,0,0,0,0,0,0,0,0,0,0,0,0,0,0,0
bT-uyBT0amU,2023-02-17,0.9946213960647584,450.0,ABN,175.0,0.0,parchur.png,Yeluri Sambasiva Rao,TDP,parchoor,0,0,1,0,0,1,0,0,0,0,0,0,0,0,0,0,0,0,1,0,0,0,0,0
QSUuJ3cVnD0,2023-02-18,0.998033344745636,40446.0,Sakshi,495.0,51.0,parchur.png,Yeluri Sambasiva Rao,TDP,parchoor,0,0,0,0,0,0,0,0,0,0,0,0,0,0,0,0,0,0,0,0,0,0,0,0
ARZU5F46oOE,2023-02-20,0.9956899285316468,2515.0,Sakshi,164.0,6.0,parchur.png,Yeluri Sambasiva Rao,TDP,parchoor,0,1,1,0,1,0,0,0,0,0,1,0,0,0,0,0,0,1,0,0,0,0,0,0
0cdkb2td4J8,2023-02-20,0.997582197189331,2271.0,TV9,296.0,5.0,parchur.png,Yeluri Sambasiva Rao,TDP,parchoor,0,0,0,0,0,0,0,0,0,0,0,0,0,0,0,0,0,1,0,0,0,0,0,0
YDjPzsIEOwQ,2023-02-20,0.9925218224525452,8827.0,TV9,232.0,6.0,parchur.png,Yeluri Sambasiva Rao,TDP,parchoor,0,0,0,0,0,0,0,0,0,0,0,0,0,0,0,0,0,1,0,0,0,0,0,0
4prREuGZIDc,2023-02-20,-0.9964805245399476,4595.0,TV9,227.0,7.0,parchur.png,Yeluri Sambasiva Rao,TDP,parchoor,1,0,0,0,0,0,0,0,0,0,0,0,0,0,0,0,0,0,0,0,0,0,0,0
wUIn4VhvD6A,2023-02-20,0.99618798494339,3562.0,TV9,309.0,1.0,parchur.png,Yeluri Sambasiva Rao,TDP,parchoor,0,0,0,0,0,0,0,0,0,0,0,0,0,0,0,0,0,0,0,0,0,0,0,0
5w41SHBCgiM,2023-02-20,0.9952723383903505,3816.0,TV9,320.0,6.0,parchur.png,Yeluri Sambasiva Rao,TDP,parchoor,0,0,0,0,0,0,0,0,0,0,0,0,0,0,0,0,0,1,0,0,0,0,0,0
--GTpPSeK-c,2023-02-22,-0.999231219291687,1338.0,TV9,170.0,6.0,parchur.png,Yeluri Sambasiva Rao,TDP,parchoor,0,0,0,0,0,0,0,0,0,0,0,0,0,0,0,0,0,0,0,0,0,0,0,0
Y-e18y49FPg,2023-02-22,-0.998570680618286,5010.0,TV9,291.0,17.0,parchur.png,Yeluri Sambasiva Rao,TDP,parchoor,0,0,0,0,0,1,0,0,0,0,0,0,0,0,0,0,0,1,0,0,1,0,0,0
e_GUktXPPqc,2023-02-22,0.9944394826889038,1489.0,TV9,283.0,6.0,parchur.png,Yeluri Sambasiva Rao,TDP,parchoor,1,1,1,1,1,0,0,0,0,0,1,0,0,0,0,0,0,0,1,0,1,0,1,1
RDEF70-GEAw,2023-02-24,-0.9984601736068726,1489.0,TV9,297.0,2.0,parchur.png,Yeluri Sambasiva Rao,TDP,parchoor,0,1,0,0,0,0,0,0,0,0,0,0,0,0,0,0,0,1,0,0,0,0,0,0
QE0Eb1gC__0,2023-02-24,-0.9989874958992004,2694.0,TV9,299.0,3.0,parchur.png,Yeluri Sambasiva Rao,TDP,parchoor,0,0,0,1,0,0,0,0,0,0,0,0,0,0,0,0,0,1,0,0,1,0,0,0
_pUWtWdUjG4,2023-02-24,-0.9989786148071288,5934.0,TV9,252.0,54.0,parchur.png,Yeluri Sambasiva Rao,TDP,parchoor,0,1,1,0,0,1,0,0,0,1,0,0,0,0,0,0,1,1,0,0,0,0,0,0
cTc4ZD3OYL0,2023-02-25,-0.9984753727912904,2597.0,Sakshi,245.0,18.0,parchur.png,Yeluri Sambasiva Rao,TDP,parchoor,1,1,0,0,1,1,0,0,0,1,0,0,1,0,0,1,0,0,0,0,0,0,0,0
D2I2Ub2FRng,2023-02-25,-0.9982656836509703,3416.0,Sakshi,199.0,3.0,parchur.png,Yeluri Sambasiva Rao,TDP,parchoor,1,1,1,0,1,1,0,1,0,0,1,0,0,0,0,0,0,0,0,0,0,0,0,0
W2r7qf7Zso0,2023-02-27,-0.9984618425369264,1013.0,TV9,276.0,3.0,parchur.png,Yeluri Sambasiva Rao,TDP,parchoor,0,0,1,1,1,0,0,0,0,1,1,1,1,0,0,0,0,0,0,0,0,0,1,0
tqSMPqDMY30,2023-02-27,-0.9929323196411132,1907.0,TV9,340.0,2.0,parchur.png,Yeluri Sambasiva Rao,TDP,parchoor,0,0,0,1,0,0,0,0,0,0,0,0,0,0,0,0,0,0,0,0,0,0,0,0
0yIaIMIA5LM,2023-02-27,-0.998021364212036,804.0,TV9,302.0,6.0,parchur.png,Yeluri Sambasiva Rao,TDP,parchoor,0,0,1,0,0,1,0,0,0,0,0,0,0,0,0,0,0,0,0,0,0,0,0,0
USygP342WyQ,2023-02-27,-0.9948378205299376,672.0,TV9,270.0,0.0,parchur.png,Yeluri Sambasiva Rao,TDP,parchoor,0,0,0,1,0,0,0,0,0,0,0,0,0,0,0,0,0,0,0,0,0,0,0,0
TXkNnu4mWF0,2023-02-28,-0.9846718907356262,599.0,TV9,306.0,0.0,parchur.png,Yeluri Sambasiva Rao,TDP,parchoor,0,0,0,0,0,0,0,0,0,0,0,0,0,0,0,0,0,0,0,0,0,0,0,0
7dPnKKy0wpY,2023-02-28,-0.9992181062698364,1020.0,ABN,245.0,0.0,parchur.png,Yeluri Sambasiva Rao,TDP,parchoor,0,0,0,1,0,0,0,0,1,0,0,0,0,0,0,0,0,0,0,0,0,0,0,0
_ny4tP-ne64,2023-02-28,-0.999316930770874,1236.0,ABN,274.0,0.0,parchur.png,Yeluri Sambasiva Rao,TDP,parchoor,0,0,0,0,0,0,0,0,0,0,0,0,0,0,0,0,0,0,0,0,0,0,0,0
o3J4meVjBo4,2023-03-02,0.9979950189590454,1196.0,TV9,282.0,3.0,parchur.png,Yeluri Sambasiva Rao,TDP,parchoor,0,0,0,0,0,0,0,0,0,1,0,1,0,0,0,0,1,0,0,0,0,0,0,0
wq_jyxbFbSc,2023-03-02,0.9903646111488342,524.0,TV9,300.0,8.0,parchur.png,Yeluri Sambasiva Rao,TDP,parchoor,0,0,0,1,0,0,0,0,0,0,0,0,0,0,0,0,0,0,0,0,0,0,0,0
7iVzBjB3_3g,2023-03-04,-0.9822513461112976,4912.0,ABN,342.0,17.0,parchur.png,Yeluri Sambasiva Rao,TDP,parchoor,0,0,0,1,1,0,0,0,1,0,0,0,1,0,0,0,1,0,0,0,0,0,0,0
lqys863ndW0,2023-03-04,0.998444139957428,1290.0,TV9,262.0,4.0,parchur.png,Yeluri Sambasiva Rao,TDP,parchoor,1,0,1,0,0,1,0,0,0,0,0,0,0,0,0,0,0,0,0,0,0,0,0,0
W8vQXwSviLs,2023-03-04,0.9718384146690368,1470.0,ABN,346.0,0.0,parchur.png,Yeluri Sambasiva Rao,TDP,parchoor,0,0,0,0,0,0,0,0,0,1,0,0,0,0,0,0,0,0,0,0,0,0,0,0
c1u0riTIPP0,2023-03-04,-0.9975516200065612,3633.0,ABN,140.0,2.0,parchur.png,Yeluri Sambasiva Rao,TDP,parchoor,1,1,1,0,0,1,0,0,0,0,0,0,0,0,0,0,1,0,0,0,0,0,0,0
PbnkUETcghY,2023-03-05,0.9988717436790466,1398.0,TV9,153.0,3.0,parchur.png,Yeluri Sambasiva Rao,TDP,parchoor,0,0,0,0,1,0,0,0,0,0,0,0,0,0,0,0,1,0,0,0,0,0,0,0
8FN0CeKX1Pw,2023-03-05,-0.9994138479232788,2552.0,TV9,188.0,2.0,parchur.png,Yeluri Sambasiva Rao,TDP,parchoor,0,0,1,1,0,0,0,0,0,0,1,1,0,0,0,0,0,0,1,0,0,1,1,1
SBJEE-stae8,2023-03-05,0.9967615008354188,2588.0,TV9,251.0,7.0,parchur.png,Yeluri Sambasiva Rao,TDP,parchoor,0,0,0,0,0,0,0,0,0,0,0,0,0,0,0,0,0,0,0,0,0,0,0,0
aVhtKryT_Hs,2023-03-05,-0.997974932193756,925.0,TV9,269.0,2.0,parchur.png,Yeluri Sambasiva Rao,TDP,parchoor,0,0,0,0,0,0,0,0,0,0,0,0,0,0,0,0,0,0,0,0,0,0,0,0
ooQ5NlyC7-8,2023-03-05,-0.9989317059516908,960.0,TV9,277.0,0.0,parchur.png,Yeluri Sambasiva Rao,TDP,parchoor,0,0,0,1,0,0,0,0,0,0,0,0,0,0,0,0,0,0,0,0,0,1,0,0
Jz5-ZAOYknU,2023-03-05,0.9038392305374146,3819.0,TV9,206.0,0.0,parchur.png,Yeluri Sambasiva Rao,TDP,parchoor,0,0,0,0,0,0,0,0,0,0,0,0,0,0,0,0,0,0,0,0,0,1,0,0
QlwPyTN89hE,2023-03-15,0.9882152080535888,1363.0,TV9,333.0,0.0,parchur.png,Yeluri Sambasiva Rao,TDP,parchoor,0,0,0,1,0,0,0,0,0,0,0,0,0,0,0,0,0,0,0,0,0,0,0,0
_dB2vr8y-gw,2023-03-15,-0.9984291195869446,428.0,TV9,313.0,1.0,parchur.png,Yeluri Sambasiva Rao,TDP,parchoor,0,0,0,0,0,0,0,0,0,0,0,0,0,0,0,0,0,0,0,0,0,0,0,0
M_Fv8mF82aA,2023-03-15,0.9949316382408142,1348.0,TV9,281.0,3.0,parchur.png,Yeluri Sambasiva Rao,TDP,parchoor,0,0,0,0,0,0,0,0,0,0,0,0,0,0,0,0,0,0,0,0,0,0,0,0
XRuYy4bkXpM,2023-03-15,0.9885651469230652,436.0,TV9,333.0,2.0,parchur.png,Yeluri Sambasiva Rao,TDP,parchoor,0,0,0,0,0,0,0,0,0,0,0,0,0,0,0,0,0,0,0,0,0,0,0,0
WuN29PFOiXw,2023-03-17,-0.9994669556617736,1907.0,TV9,272.0,0.0,parchur.png,Yeluri Sambasiva Rao,TDP,parchoor,1,0,1,0,0,0,0,0,0,0,0,0,0,0,0,0,0,0,0,0,0,0,0,0
fJRdUpAKa7Q,2023-03-17,-0.995361864566803,18366.0,TV5,155.0,25.0,parchur.png,Yeluri Sambasiva Rao,TDP,parchoor,1,1,0,0,1,0,0,0,0,0,0,0,1,0,1,1,0,0,0,0,1,1,0,1
pUySlT7oYBw,2023-03-17,-0.9949952363967896,1451.0,TV9,285.0,2.0,parchur.png,Yeluri Sambasiva Rao,TDP,parchoor,1,1,1,1,0,0,0,0,0,0,1,0,0,0,0,0,0,0,0,0,0,0,0,0
CkGkkR8r0XQ,2023-03-17,0.9907158613204956,1238.0,TV9,189.0,0.0,parchur.png,Yeluri Sambasiva Rao,TDP,parchoor,0,0,0,1,0,0,0,0,0,0,0,0,0,0,0,0,0,0,0,0,0,1,0,0
7puyyUKl0IA,2023-03-17,-0.9994242191314696,1177.0,TV9,264.0,0.0,parchur.png,Yeluri Sambasiva Rao,TDP,parchoor,1,0,0,0,0,0,0,0,0,0,0,0,0,0,0,0,0,0,0,0,0,0,0,0
KF2Bi1CXzbI,2023-03-17,-0.9993062019348145,784.0,TV9,270.0,1.0,parchur.png,Yeluri Sambasiva Rao,TDP,parchoor,1,0,0,0,0,0,0,0,0,0,0,0,0,0,0,0,0,0,0,0,0,0,0,0
XFrTeya4lh4,2023-03-18,-0.9994091987609864,67631.0,TV5,337.0,115.0,parchur.png,Yeluri Sambasiva Rao,TDP,parchoor,0,1,0,0,0,0,0,0,0,0,0,0,0,0,0,0,0,0,0,0,0,0,0,0
pt95zpoXygE,2023-03-19,-0.9971545934677124,172361.0,TV5,160.0,257.0,parchur.png,Yeluri Sambasiva Rao,TDP,parchoor,1,0,0,0,0,1,0,0,0,1,0,0,0,0,0,0,0,0,0,0,0,0,0,0
mJt8N2Ay15k,2023-03-19,-0.998857855796814,74526.0,TV5,135.0,147.0,parchur.png,Yeluri Sambasiva Rao,TDP,parchoor,1,1,1,0,0,1,0,0,0,0,0,0,0,0,0,0,0,0,0,0,0,0,0,0
oNDlwBVt8Tk,2023-03-19,-0.9984487295150756,2389.0,TV9,260.0,16.0,parchur.png,Yeluri Sambasiva Rao,TDP,parchoor,1,0,0,0,0,1,0,0,0,0,0,0,0,0,0,0,0,0,0,0,0,0,0,0
o8gJdRNp208,2023-03-19,-0.9891856908798218,390.0,TV9,162.0,0.0,parchur.png,Yeluri Sambasiva Rao,TDP,parchoor,0,0,0,0,0,0,0,0,0,0,1,0,0,0,0,0,0,0,0,0,0,0,0,0
QVfJhE-BQ0I,2023-03-19,0.9982650876045228,19891.0,TV5,140.0,43.0,parchur.png,Yeluri Sambasiva Rao,TDP,parchoor,1,0,0,0,0,1,0,0,0,1,0,0,0,0,0,0,0,0,0,0,0,0,0,0
46WrT4iY0B4,2023-03-19,-0.9951500296592712,127990.0,TV5,140.0,116.0,parchur.png,Yeluri Sambasiva Rao,TDP,parchoor,1,0,1,0,0,1,0,0,0,1,0,0,0,0,0,0,0,0,0,0,0,0,0,0
0gSLO2Ug02s,2023-03-19,-0.997786283493042,2241.0,TV9,331.0,5.0,parchur.png,Yeluri Sambasiva Rao,TDP,parchoor,0,0,0,0,0,1,0,0,0,0,0,0,0,0,0,0,0,0,0,0,0,0,0,0
xc70-Jj-rVA,2023-03-19,0.5484435558319092,19792.0,TV5,155.0,47.0,parchur.png,Yeluri Sambasiva Rao,TDP,parchoor,1,1,1,1,0,1,0,0,0,1,0,0,0,0,0,0,0,0,0,0,0,0,0,0
lBXEqSuURAw,2023-03-20,-0.9991913437843324,11708.0,TV5,236.0,14.0,parchur.png,Yeluri Sambasiva Rao,TDP,parchoor,1,1,1,0,0,0,0,0,0,0,1,0,0,0,0,0,0,0,1,1,0,0,1,1
1sQDxeYRFwc,2023-03-20,-0.9871384501457214,1125.0,TV9,261.0,5.0,parchur.png,Yeluri Sambasiva Rao,TDP,parchoor,0,0,0,1,0,1,0,0,0,1,0,0,0,0,0,0,1,0,0,0,0,0,0,0
NgCcbz2QuhQ,2023-03-20,-0.9985232949256896,1199.0,TV9,330.0,2.0,parchur.png,Yeluri Sambasiva Rao,TDP,parchoor,0,1,1,0,0,0,0,0,0,0,0,0,0,0,0,0,0,0,0,0,0,0,0,0
r-Wr23c7qqs,2023-03-20,-0.825029730796814,1508.0,TV9,263.0,11.0,parchur.png,Yeluri Sambasiva Rao,TDP,parchoor,0,0,0,0,0,1,0,0,0,0,0,0,0,0,0,0,1,0,0,0,0,0,0,0
RJxZOPjJvh8,2023-03-24,0.9988784193992616,1276.0,TV9,71.0,7.0,parchur.png,Yeluri Sambasiva Rao,TDP,parchoor,0,0,0,0,1,0,0,0,0,1,1,0,0,0,0,0,0,0,1,0,0,0,1,1
y0kSY48V51U,2023-03-24,-0.9835383296012878,2237.0,TV9,206.0,7.0,parchur.png,Yeluri Sambasiva Rao,TDP,parchoor,1,0,0,0,0,0,0,0,0,0,0,0,0,0,0,0,0,0,0,0,0,0,0,0
ckCgiuFwFRQ,2023-03-26,-0.985397458076477,8739.0,TV9,277.0,20.0,parchur.png,Yeluri Sambasiva Rao,TDP,parchoor,0,0,0,0,0,0,0,0,0,0,0,1,0,0,0,0,0,0,0,0,0,0,0,0
RcBtRt-nrco,2023-03-27,-0.9951050281524658,1653.0,TV9,116.0,0.0,parchur.png,Yeluri Sambasiva Rao,TDP,parchoor,0,0,0,0,0,0,0,0,0,0,0,0,0,0,0,0,0,0,0,0,0,0,0,0
9VZ1SjuDL0k,2023-03-27,-0.9915989637374878,8272.0,ABN,317.0,9.0,parchur.png,Yeluri Sambasiva Rao,TDP,parchoor,1,1,1,0,0,0,0,0,0,0,0,0,0,0,0,0,0,0,0,0,0,0,0,0
_E8ijRLO8aA,2023-03-28,-0.9851300716400146,758.0,TV9,276.0,0.0,parchur.png,Yeluri Sambasiva Rao,TDP,parchoor,1,0,0,0,0,0,0,0,0,0,0,0,0,0,0,0,0,0,0,0,1,0,0,0
NFbbDQNutk8,2023-03-31,0.992295503616333,3697.0,Sakshi,304.0,13.0,parchur.png,Yeluri Sambasiva Rao,TDP,parchoor,1,1,1,0,1,1,0,1,0,1,0,0,0,0,0,0,0,0,0,0,0,0,0,0
fDQyLzLR0Zg,2023-03-31,-0.9985828399658204,2007.0,TV9,208.0,8.0,parchur.png,Yeluri Sambasiva Rao,TDP,parchoor,0,0,0,0,0,0,0,0,0,1,0,1,1,0,0,0,0,1,0,0,0,0,0,0
GlikUz_EC88,2023-03-31,-0.9983447790145874,2603.0,TV9,233.0,10.0,parchur.png,Yeluri Sambasiva Rao,TDP,parchoor,0,0,0,0,0,1,0,0,0,0,0,1,1,0,0,0,0,1,1,0,0,0,0,0
UHXeuZZVFsg,2023-03-31,-0.9925104379653932,57418.0,TV9,52.0,4.0,parchur.png,Yeluri Sambasiva Rao,TDP,parchoor,0,0,0,0,0,0,0,0,0,0,0,0,0,0,0,0,0,0,0,0,0,0,0,0
m5kecW7NIvM,2023-04-01,-0.9988223910331726,703.0,ABN,333.0,2.0,parchur.png,Yeluri Sambasiva Rao,TDP,parchoor,0,0,0,0,0,0,0,0,0,0,0,0,0,0,0,0,0,0,0,0,0,0,0,0
zCBzVrl0hKQ,2023-04-05,0.9983421564102172,2391.0,Sakshi,307.0,4.0,parchur.png,Yeluri Sambasiva Rao,TDP,parchoor,0,1,1,0,1,0,0,1,0,0,1,0,0,0,0,0,0,0,0,0,0,0,0,0
6kRkkHi25lg,2023-04-06,0.9968675971031188,2147.0,TV9,275.0,6.0,parchur.png,Yeluri Sambasiva Rao,TDP,parchoor,0,0,0,1,0,0,0,0,0,0,0,0,0,0,0,0,0,1,0,0,0,0,0,0
UkRAXtYjv1A,2023-04-06,0.9986227750778198,938.0,TV9,278.0,5.0,parchur.png,Yeluri Sambasiva Rao,TDP,parchoor,0,0,0,1,0,0,0,0,0,0,0,0,0,0,0,0,0,1,1,0,0,0,0,0
NXb02zQWEjk,2023-04-09,-0.9961439371109008,1999.0,Sakshi,303.0,4.0,parchur.png,Yeluri Sambasiva Rao,TDP,parchoor,1,0,0,1,1,1,0,1,0,0,1,1,1,0,0,0,0,0,0,0,0,0,0,0
TtI2fO97umA,2023-04-09,-0.996254563331604,964.0,TV9,278.0,0.0,parchur.png,Yeluri Sambasiva Rao,TDP,parchoor,0,0,0,0,0,0,0,0,0,0,0,0,0,0,0,0,0,0,0,0,0,0,0,0
LgGYCxyLbhw,2023-04-10,-0.9965341091156006,2275.0,TV9,127.0,8.0,parchur.png,Yeluri Sambasiva Rao,TDP,parchoor,0,0,0,0,0,0,0,0,0,1,1,0,0,0,0,0,0,0,0,0,0,0,0,0
fUK3gpRgtfg,2023-04-11,-0.9849971532821656,9696.0,Sakshi,347.0,18.0,parchur.png,Yeluri Sambasiva Rao,TDP,parchoor,0,0,0,0,0,1,0,0,0,0,0,0,0,0,0,0,1,1,0,0,0,0,0,1
HRbWCTIw13s,2023-04-11,-0.99941086769104,2036.0,TV9,235.0,1.0,parchur.png,Yeluri Sambasiva Rao,TDP,parchoor,0,0,0,0,0,0,0,0,0,0,0,0,0,0,0,0,0,0,0,0,0,0,0,0
lnxLEyAMwFU,2023-04-13,0.9934950470924376,9688.0,TV5,252.0,5.0,parchur.png,Yeluri Sambasiva Rao,TDP,parchoor,1,0,1,1,0,0,0,1,0,0,1,0,0,0,0,1,0,0,0,0,0,0,0,0
-bqBa5dt1JU,2023-04-15,-0.9971973896026612,1589.0,TV9,332.0,7.0,parchur.png,Yeluri Sambasiva Rao,TDP,parchoor,0,0,1,0,1,0,0,0,0,1,1,0,0,0,1,0,0,0,0,0,0,0,1,1
nLjKmZy4a1k,2023-04-17,-0.9994623064994812,14409.0,TV9,38.0,3.0,parchur.png,Yeluri Sambasiva Rao,TDP,parchoor,0,0,0,0,0,0,0,0,0,0,0,0,0,0,0,0,0,0,0,0,0,0,0,0
52dESE1sGX8,2023-04-18,-0.9980586171150208,10189.0,TV9,31.0,2.0,parchur.png,Yeluri Sambasiva Rao,TDP,parchoor,0,0,0,0,0,0,0,0,0,0,0,0,0,0,0,0,0,0,0,0,0,0,0,0
M6_C_DG8U9Y,2023-04-18,0.9970757961273192,2409.0,TV9,219.0,0.0,parchur.png,Yeluri Sambasiva Rao,TDP,parchoor,0,0,0,0,0,0,0,0,0,0,0,0,0,0,0,0,0,0,0,0,0,0,0,0
dCyqNLCbzoY,2023-04-18,-0.9967790246009828,3326.0,TV5,305.0,5.0,parchur.png,Yeluri Sambasiva Rao,TDP,parchoor,1,1,1,0,0,1,0,0,0,0,0,0,0,0,0,0,1,0,1,0,1,0,0,0
g5Q000HGyxo,2023-04-18,0.9976992011070251,2124.0,TV9,275.0,4.0,parchur.png,Yeluri Sambasiva Rao,TDP,parchoor,0,0,0,1,0,0,0,0,0,1,0,0,0,0,0,0,0,0,0,0,0,0,0,1
0X5buq-TQdI,2023-04-19,-0.998426079750061,6186.0,TV9,233.0,4.0,parchur.png,Yeluri Sambasiva Rao,TDP,parchoor,1,0,0,0,0,1,0,0,0,0,0,0,0,0,0,0,0,0,0,0,0,0,0,0
caj5m1gUd6A,2023-04-20,0.9984795451164246,391.0,TV5,248.0,0.0,parchur.png,Yeluri Sambasiva Rao,TDP,parchoor,1,0,1,0,0,1,0,0,0,1,0,0,0,0,0,1,0,0,0,0,0,0,0,0
bmC0lpOd_LY,2023-04-20,0.992971122264862,10437.0,TV9,56.0,3.0,parchur.png,Yeluri Sambasiva Rao,TDP,parchoor,0,0,1,0,0,0,0,0,0,0,0,0,0,0,0,0,0,0,0,0,0,0,0,0
penB5Qw0qrQ,2023-04-21,0.9936936497688292,1776.0,TV9,133.0,0.0,parchur.png,Yeluri Sambasiva Rao,TDP,parchoor,0,0,0,0,0,0,0,0,0,0,0,0,0,0,0,0,0,0,0,0,0,0,0,0
7zGVDglr2Wg,2023-04-21,0.9969622492790222,2276.0,TV9,102.0,6.0,parchur.png,Yeluri Sambasiva Rao,TDP,parchoor,1,0,0,0,0,0,0,0,0,0,0,0,0,0,0,0,0,0,0,0,0,0,1,0
DiLFK6fKong,2023-04-22,0.9980964064598083,23665.0,Sakshi,42897.0,7.0,parchur.png,Yeluri Sambasiva Rao,TDP,parchoor,0,0,1,0,0,1,0,1,0,0,0,0,0,0,0,0,0,0,0,0,0,0,0,0
